 ZESTAW nr   1
 Blad sredni jednostkowy =  .0915 mm/stanowisko,     kod:/.0865/  1/  2/   3
 Lp.   od    do   n    DHo(m)   V(mm)    DHw(m)    mDHw(mm)
 1     1     2   4    -.43174    -.17    -.43191     .15
 2     1     5   5     .68009     .21     .68030     .16
 3     2     3   4    -.57340    -.05    -.57345     .15
 4     2     4   7    -.05098    -.04    -.05102     .15
 5     2     5   7    1.11239    -.17    1.11222     .16
 6     3     4   6     .52242     .01     .52243     .15
 7     3     6   6    -.56917    -.09    -.56926     .17
 8     4     5   7    1.16336    -.13    1.16323     .17
 9     4     6   8   -1.09153    -.16   -1.09169     .16
10     4     7   6     .94027     .20     .94047     .17
11     6     7   6    2.03248    -.32    2.03216     .15
12     6     8   6    -.06197     .12    -.06185     .18
13     6     9   8    1.03334     .00    1.03334     .16
14     7     9   6    -.99871    -.11    -.99882     .17
15     8     9   5    1.09509     .10    1.09519     .17
                     Reper    H(m)   mH(mm)
                        1  10.50386   .163
                        2  10.07195   .121
                        3   9.49850   .119
                        4  10.02093   .102
                        5  11.18416   .149
                        6   8.92924   .110
                        7  10.96140   .133
                        8   8.86739   .171
                        9   9.96258   .152
           Macierz wariancyjno-kowariancyjna wyznaczanych wysokosci reperow
   .026481  .008875 -.000648 -.001143  .011262 -.008854 -.009490 -.013594 -.012890
   .008875  .014643  .003226  .000927  .006318 -.006019 -.006954 -.010830 -.010186
  -.000648  .003226  .014213  .001353 -.000836 -.001119 -.003798 -.006344 -.006046
  -.001143  .000927  .001353  .010325  .000923 -.001397 -.000470 -.005766 -.004753
   .011262  .006318 -.000836  .000923  .022096 -.007743 -.008007 -.012395 -.011618
  -.008854 -.006019 -.001119 -.001397 -.007743  .012095  .003190  .005390  .004456
  -.009490 -.006954 -.003798 -.000470 -.008007  .003190  .017717  .002053  .005759
  -.013594 -.010830 -.006344 -.005766 -.012395  .005390  .002053  .029366  .012119
  -.012890 -.010186 -.006046 -.004753 -.011618  .004456  .005759  .012119  .023158
   Lp    od     do    Hod(m)     Hdo(m)      DH(m)   mDH(mm)
    1      1      2   10.50386   10.07195    -.43191    .15
    2      1      3   10.50386    9.49850   -1.00536    .20
    3      1      4   10.50386   10.02093    -.48293    .20
    4      1      5   10.50386   11.18416     .68030    .16
    5      1      6   10.50386    8.92924   -1.57462    .24
    6      1      7   10.50386   10.96140     .45754    .25
    7      1      8   10.50386    8.86739   -1.63647    .29
    8      1      9   10.50386    9.96258    -.54128    .27
    9      2      3   10.07195    9.49850    -.57345    .15
   10      2      4   10.07195   10.02093    -.05102    .15
   11      2      5   10.07195   11.18416    1.11222    .16
   12      2      6   10.07195    8.92924   -1.14271    .20
   13      2      7   10.07195   10.96140     .88946    .22
   14      2      8   10.07195    8.86739   -1.20456    .26
   15      2      9   10.07195    9.96258    -.10937    .24
   16      3      4    9.49850   10.02093     .52243    .15
   17      3      5    9.49850   11.18416    1.68567    .19
   18      3      6    9.49850    8.92924    -.56926    .17
   19      3      7    9.49850   10.96140    1.46291    .20
   20      3      8    9.49850    8.86739    -.63111    .24
   21      3      9    9.49850    9.96258     .46408    .22
   22      4      5   10.02093   11.18416    1.16323    .17
   23      4      6   10.02093    8.92924   -1.09169    .16
   24      4      7   10.02093   10.96140     .94047    .17
   25      4      8   10.02093    8.86739   -1.15354    .23
   26      4      9   10.02093    9.96258    -.05835    .21
   27      5      6   11.18416    8.92924   -2.25492    .22
   28      5      7   11.18416   10.96140    -.22276    .24
   29      5      8   11.18416    8.86739   -2.31677    .28
   30      5      9   11.18416    9.96258   -1.22159    .26
   31      6      7    8.92924   10.96140    2.03216    .15
   32      6      8    8.92924    8.86739    -.06185    .18
   33      6      9    8.92924    9.96258    1.03334    .16
   34      7      8   10.96140    8.86739   -2.09401    .21
   35      7      9   10.96140    9.96258    -.99882    .17
   36      8      9    8.86739    9.96258    1.09519    .17

 ZESTAW nr   2
 Blad sredni jednostkowy =  .0921 mm/stanowisko,     kod:/.0955/  2/  3/   5
 Lp.   od    do   n    DHo(m)   V(mm)    DHw(m)    mDHw(mm)
 1     1     2   4    -.43159    -.10    -.43169     .15
 2     1     5   5     .68020     .12     .68032     .16
 3     2     3   4    -.57373     .16    -.57357     .15
 4     2     4   7    -.05117    -.08    -.05125     .15
 5     2     5   7    1.11237    -.36    1.11201     .16
 6     3     4   6     .52208     .24     .52232     .15
 7     3     6   6    -.56830    -.01    -.56831     .17
 8     4     5   7    1.16307     .19    1.16326     .18
 9     4     6   8   -1.09085     .21   -1.09064     .16
10     4     7   6     .94117    -.15     .94102     .17
11     6     7   6    2.03151     .15    2.03166     .15
12     6     8   6    -.06253     .03    -.06250     .18
13     6     9   8    1.03152    -.03    1.03149     .16
14     7     9   6   -1.00016     .00   -1.00016     .17
15     8     9   5    1.09397     .02    1.09399     .17
                     Reper    H(m)   mH(mm)
                        1  10.50369   .164
                        2  10.07200   .122
                        3   9.49843   .120
                        4  10.02075   .102
                        5  11.18401   .150
                        6   8.93012   .111
                        7  10.96177   .134
                        8   8.86761   .172
                        9   9.96161   .153
           Macierz wariancyjno-kowariancyjna wyznaczanych wysokosci reperow
   .026813  .008986 -.000656 -.001157  .011403 -.008964 -.009609 -.013764 -.013052
   .008986  .014827  .003266  .000939  .006397 -.006095 -.007041 -.010966 -.010313
  -.000656  .003266  .014391  .001370 -.000847 -.001133 -.003846 -.006424 -.006121
  -.001157  .000939  .001370  .010454  .000934 -.001415 -.000476 -.005838 -.004812
   .011403  .006397 -.000847  .000934  .022372 -.007840 -.008107 -.012550 -.011763
  -.008964 -.006095 -.001133 -.001415 -.007840  .012246  .003230  .005458  .004512
  -.009609 -.007041 -.003846 -.000476 -.008107  .003230  .017939  .002079  .005831
  -.013764 -.010966 -.006424 -.005838 -.012550  .005458  .002079  .029733  .012271
  -.013052 -.010313 -.006121 -.004812 -.011763  .004512  .005831  .012271  .023448
   Lp    od     do    Hod(m)     Hdo(m)      DH(m)   mDH(mm)
    1      1      2   10.50369   10.07200    -.43169    .15
    2      1      3   10.50369    9.49843   -1.00526    .21
    3      1      4   10.50369   10.02075    -.48294    .20
    4      1      5   10.50369   11.18401     .68032    .16
    5      1      6   10.50369    8.93012   -1.57357    .24
    6      1      7   10.50369   10.96177     .45808    .25
    7      1      8   10.50369    8.86761   -1.63608    .29
    8      1      9   10.50369    9.96161    -.54208    .28
    9      2      3   10.07200    9.49843    -.57357    .15
   10      2      4   10.07200   10.02075    -.05125    .15
   11      2      5   10.07200   11.18401    1.11201    .16
   12      2      6   10.07200    8.93012   -1.14189    .20
   13      2      7   10.07200   10.96177     .88977    .22
   14      2      8   10.07200    8.86761   -1.20439    .26
   15      2      9   10.07200    9.96161    -.11040    .24
   16      3      4    9.49843   10.02075     .52232    .15
   17      3      5    9.49843   11.18401    1.68558    .20
   18      3      6    9.49843    8.93012    -.56831    .17
   19      3      7    9.49843   10.96177    1.46334    .20
   20      3      8    9.49843    8.86761    -.63081    .24
   21      3      9    9.49843    9.96161     .46318    .22
   22      4      5   10.02075   11.18401    1.16326    .18
   23      4      6   10.02075    8.93012   -1.09064    .16
   24      4      7   10.02075   10.96177     .94102    .17
   25      4      8   10.02075    8.86761   -1.15314    .23
   26      4      9   10.02075    9.96161    -.05914    .21
   27      5      6   11.18401    8.93012   -2.25390    .22
   28      5      7   11.18401   10.96177    -.22224    .24
   29      5      8   11.18401    8.86761   -2.31640    .28
   30      5      9   11.18401    9.96161   -1.22241    .26
   31      6      7    8.93012   10.96177    2.03166    .15
   32      6      8    8.93012    8.86761    -.06250    .18
   33      6      9    8.93012    9.96161    1.03149    .16
   34      7      8   10.96177    8.86761   -2.09416    .21
   35      7      9   10.96177    9.96161   -1.00016    .17
   36      8      9    8.86761    9.96161    1.09399    .17

 ZESTAW nr   3
 Blad sredni jednostkowy =  .1161 mm/stanowisko,     kod:/.1207/  3/  4/   8
 Lp.   od    do   n    DHo(m)   V(mm)    DHw(m)    mDHw(mm)
 1     1     2   4    -.43085    -.02    -.43087     .19
 2     1     5   5     .68129     .03     .68132     .20
 3     2     3   4    -.57424     .10    -.57414     .19
 4     2     4   7    -.05053    -.25    -.05078     .19
 5     2     5   7    1.11215     .04    1.11219     .20
 6     3     4   6     .52331     .06     .52337     .19
 7     3     6   6    -.56890     .09    -.56881     .21
 8     4     5   7    1.16305    -.08    1.16297     .22
 9     4     6   8   -1.09159    -.59   -1.09218     .20
10     4     7   6     .93981     .36     .94017     .22
11     6     7   6    2.03264    -.30    2.03234     .19
12     6     8   6    -.06306    -.02    -.06308     .22
13     6     9   8    1.03306    -.05    1.03301     .21
14     7     9   6    -.99940     .06    -.99934     .22
15     8     9   5    1.09610    -.02    1.09608     .21
                     Reper    H(m)   mH(mm)
                        1  10.50325   .207
                        2  10.07238   .154
                        3   9.49824   .151
                        4  10.02160   .129
                        5  11.18457   .189
                        6   8.92942   .140
                        7  10.96177   .169
                        8   8.86634   .217
                        9   9.96243   .193
           Macierz wariancyjno-kowariancyjna wyznaczanych wysokosci reperow
   .042646  .014293 -.001043 -.001840  .018137 -.014258 -.015283 -.021891 -.020759
   .014293  .023582  .005194  .001493  .010175 -.009694 -.011199 -.017441 -.016404
  -.001043  .005194  .022888  .002179 -.001347 -.001801 -.006117 -.010217 -.009736
  -.001840  .001493  .002179  .016627  .001486 -.002250 -.000756 -.009285 -.007654
   .018137  .010175 -.001347  .001486  .035583 -.012469 -.012895 -.019960 -.018709
  -.014258 -.009694 -.001801 -.002250 -.012469  .019478  .005137  .008680  .007176
  -.015283 -.011199 -.006117 -.000756 -.012895  .005137  .028532  .003306  .009275
  -.021891 -.017441 -.010217 -.009285 -.019960  .008680  .003306  .047291  .019517
  -.020759 -.016404 -.009736 -.007654 -.018709  .007176  .009275  .019517  .037294
   Lp    od     do    Hod(m)     Hdo(m)      DH(m)   mDH(mm)
    1      1      2   10.50325   10.07238    -.43087    .19
    2      1      3   10.50325    9.49824   -1.00502    .26
    3      1      4   10.50325   10.02160    -.48165    .25
    4      1      5   10.50325   11.18457     .68132    .20
    5      1      6   10.50325    8.92942   -1.57383    .30
    6      1      7   10.50325   10.96177     .45851    .32
    7      1      8   10.50325    8.86634   -1.63691    .37
    8      1      9   10.50325    9.96243    -.54083    .35
    9      2      3   10.07238    9.49824    -.57414    .19
   10      2      4   10.07238   10.02160    -.05078    .19
   11      2      5   10.07238   11.18457    1.11219    .20
   12      2      6   10.07238    8.92942   -1.14296    .25
   13      2      7   10.07238   10.96177     .88939    .27
   14      2      8   10.07238    8.86634   -1.20604    .33
   15      2      9   10.07238    9.96243    -.10995    .31
   16      3      4    9.49824   10.02160     .52337    .19
   17      3      5    9.49824   11.18457    1.68634    .25
   18      3      6    9.49824    8.92942    -.56881    .21
   19      3      7    9.49824   10.96177    1.46353    .25
   20      3      8    9.49824    8.86634    -.63189    .30
   21      3      9    9.49824    9.96243     .46419    .28
   22      4      5   10.02160   11.18457    1.16297    .22
   23      4      6   10.02160    8.92942   -1.09218    .20
   24      4      7   10.02160   10.96177     .94017    .22
   25      4      8   10.02160    8.86634   -1.15526    .29
   26      4      9   10.02160    9.96243    -.05917    .26
   27      5      6   11.18457    8.92942   -2.25515    .28
   28      5      7   11.18457   10.96177    -.22280    .30
   29      5      8   11.18457    8.86634   -2.31823    .35
   30      5      9   11.18457    9.96243   -1.22214    .33
   31      6      7    8.92942   10.96177    2.03234    .19
   32      6      8    8.92942    8.86634    -.06308    .22
   33      6      9    8.92942    9.96243    1.03301    .21
   34      7      8   10.96177    8.86634   -2.09542    .26
   35      7      9   10.96177    9.96243    -.99934    .22
   36      8      9    8.86634    9.96243    1.09608    .21

 ZESTAW nr   4
 Blad sredni jednostkowy =  .0889 mm/stanowisko,     kod:/.0830/  4/  5/   9
 Lp.   od    do   n    DHo(m)   V(mm)    DHw(m)    mDHw(mm)
 1     1     2   4    -.43155     .05    -.43150     .15
 2     1     5   5     .68204    -.07     .68197     .16
 3     2     3   4    -.57316    -.09    -.57325     .15
 4     2     4   7    -.04998    -.02    -.05000     .15
 5     2     5   7    1.11321     .26    1.11347     .15
 6     3     4   6     .52354    -.29     .52325     .14
 7     3     6   6    -.56785     .16    -.56769     .16
 8     4     5   7    1.16364    -.17    1.16347     .17
 9     4     6   8   -1.09094     .00   -1.09094     .15
10     4     7   6     .94041    -.16     .94025     .17
11     6     7   6    2.03125    -.06    2.03119     .15
12     6     8   6    -.06169     .05    -.06164     .17
13     6     9   8    1.03190     .23    1.03213     .16
14     7     9   6    -.99885    -.22    -.99907     .17
15     8     9   5    1.09373     .04    1.09377     .16
                     Reper    H(m)   mH(mm)
                        1  10.50265   .158
                        2  10.07115   .118
                        3   9.49790   .116
                        4  10.02115   .099
                        5  11.18462   .144
                        6   8.93021   .107
                        7  10.96140   .129
                        8   8.86857   .166
                        9   9.96234   .148
           Macierz wariancyjno-kowariancyjna wyznaczanych wysokosci reperow
   .024977  .008371 -.000611 -.001078  .010622 -.008351 -.008951 -.012821 -.012158
   .008371  .013812  .003042  .000875  .005959 -.005677 -.006559 -.010215 -.009607
  -.000611  .003042  .013405  .001276 -.000789 -.001055 -.003583 -.005984 -.005702
  -.001078  .000875  .001276  .009738  .000870 -.001318 -.000443 -.005438 -.004483
   .010622  .005959 -.000789  .000870  .020840 -.007303 -.007552 -.011690 -.010958
  -.008351 -.005677 -.001055 -.001318 -.007303  .011408  .003009  .005084  .004203
  -.008951 -.006559 -.003583 -.000443 -.007552  .003009  .016711  .001937  .005432
  -.012821 -.010215 -.005984 -.005438 -.011690  .005084  .001937  .027698  .011431
  -.012158 -.009607 -.005702 -.004483 -.010958  .004203  .005432  .011431  .021842
   Lp    od     do    Hod(m)     Hdo(m)      DH(m)   mDH(mm)
    1      1      2   10.50265   10.07115    -.43150    .15
    2      1      3   10.50265    9.49790   -1.00474    .20
    3      1      4   10.50265   10.02115    -.48150    .19
    4      1      5   10.50265   11.18462     .68197    .16
    5      1      6   10.50265    8.93021   -1.57244    .23
    6      1      7   10.50265   10.96140     .45876    .24
    7      1      8   10.50265    8.86857   -1.63408    .28
    8      1      9   10.50265    9.96234    -.54031    .27
    9      2      3   10.07115    9.49790    -.57325    .15
   10      2      4   10.07115   10.02115    -.05000    .15
   11      2      5   10.07115   11.18462    1.11347    .15
   12      2      6   10.07115    8.93021   -1.14094    .19
   13      2      7   10.07115   10.96140     .89025    .21
   14      2      8   10.07115    8.86857   -1.20258    .25
   15      2      9   10.07115    9.96234    -.10881    .23
   16      3      4    9.49790   10.02115     .52325    .14
   17      3      5    9.49790   11.18462    1.68672    .19
   18      3      6    9.49790    8.93021    -.56769    .16
   19      3      7    9.49790   10.96140    1.46350    .19
   20      3      8    9.49790    8.86857    -.62933    .23
   21      3      9    9.49790    9.96234     .46444    .22
   22      4      5   10.02115   11.18462    1.16347    .17
   23      4      6   10.02115    8.93021   -1.09094    .15
   24      4      7   10.02115   10.96140     .94025    .17
   25      4      8   10.02115    8.86857   -1.15258    .22
   26      4      9   10.02115    9.96234    -.05881    .20
   27      5      6   11.18462    8.93021   -2.25441    .22
   28      5      7   11.18462   10.96140    -.22322    .23
   29      5      8   11.18462    8.86857   -2.31605    .27
   30      5      9   11.18462    9.96234   -1.22228    .25
   31      6      7    8.93021   10.96140    2.03119    .15
   32      6      8    8.93021    8.86857    -.06164    .17
   33      6      9    8.93021    9.96234    1.03213    .16
   34      7      8   10.96140    8.86857   -2.09284    .20
   35      7      9   10.96140    9.96234    -.99907    .17
   36      8      9    8.86857    9.96234    1.09377    .16

 ZESTAW nr   5
 Blad sredni jednostkowy =  .0963 mm/stanowisko,     kod:/.0792/  5/  6/  10
 Lp.   od    do   n    DHo(m)   V(mm)    DHw(m)    mDHw(mm)
 1     1     2   4    -.43174     .10    -.43164     .16
 2     1     5   5     .68236    -.13     .68223     .17
 3     2     3   4    -.57245     .11    -.57234     .16
 4     2     4   7    -.04971     .03    -.04968     .16
 5     2     5   7    1.11392    -.05    1.11387     .16
 6     3     4   6     .52228     .38     .52266     .16
 7     3     6   6    -.56853    -.22    -.56875     .18
 8     4     5   7    1.16333     .22    1.16355     .18
 9     4     6   8   -1.09142     .01   -1.09141     .17
10     4     7   6     .94110     .21     .94131     .18
11     6     7   6    2.03295    -.23    2.03272     .16
12     6     8   6    -.06258    -.01    -.06259     .18
13     6     9   8    1.03426     .04    1.03430     .17
14     7     9   6    -.99840    -.02    -.99842     .18
15     8     9   5    1.09690    -.01    1.09689     .18
                     Reper    H(m)   mH(mm)
                        1  10.50235   .171
                        2  10.07071   .127
                        3   9.49837   .125
                        4  10.02104   .107
                        5  11.18459   .156
                        6   8.92963   .116
                        7  10.96235   .140
                        8   8.86704   .180
                        9   9.96393   .160
           Macierz wariancyjno-kowariancyjna wyznaczanych wysokosci reperow
   .029318  .009826 -.000717 -.001265  .012468 -.009802 -.010507 -.015050 -.014271
   .009826  .016212  .003571  .001027  .006995 -.006664 -.007699 -.011990 -.011277
  -.000717  .003571  .015735  .001498 -.000926 -.001238 -.004205 -.007024 -.006693
  -.001265  .001027  .001498  .011431  .001022 -.001547 -.000520 -.006383 -.005262
   .012468  .006995 -.000926  .001022  .024462 -.008572 -.008865 -.013722 -.012862
  -.009802 -.006664 -.001238 -.001547 -.008572  .013391  .003532  .005968  .004933
  -.010507 -.007699 -.004205 -.000520 -.008865  .003532  .019615  .002273  .006376
  -.015050 -.011990 -.007024 -.006383 -.013722  .005968  .002273  .032511  .013417
  -.014271 -.011277 -.006693 -.005262 -.012862  .004933  .006376  .013417  .025639
   Lp    od     do    Hod(m)     Hdo(m)      DH(m)   mDH(mm)
    1      1      2   10.50235   10.07071    -.43164    .16
    2      1      3   10.50235    9.49837   -1.00398    .22
    3      1      4   10.50235   10.02104    -.48132    .21
    4      1      5   10.50235   11.18459     .68223    .17
    5      1      6   10.50235    8.92963   -1.57273    .25
    6      1      7   10.50235   10.96235     .45999    .26
    7      1      8   10.50235    8.86704   -1.63532    .30
    8      1      9   10.50235    9.96393    -.53843    .29
    9      2      3   10.07071    9.49837    -.57234    .16
   10      2      4   10.07071   10.02104    -.04968    .16
   11      2      5   10.07071   11.18459    1.11387    .16
   12      2      6   10.07071    8.92963   -1.14109    .21
   13      2      7   10.07071   10.96235     .89163    .23
   14      2      8   10.07071    8.86704   -1.20368    .27
   15      2      9   10.07071    9.96393    -.10679    .25
   16      3      4    9.49837   10.02104     .52266    .16
   17      3      5    9.49837   11.18459    1.68621    .21
   18      3      6    9.49837    8.92963    -.56875    .18
   19      3      7    9.49837   10.96235    1.46397    .21
   20      3      8    9.49837    8.86704    -.63134    .25
   21      3      9    9.49837    9.96393     .46555    .23
   22      4      5   10.02104   11.18459    1.16355    .18
   23      4      6   10.02104    8.92963   -1.09141    .17
   24      4      7   10.02104   10.96235     .94131    .18
   25      4      8   10.02104    8.86704   -1.15400    .24
   26      4      9   10.02104    9.96393    -.05711    .22
   27      5      6   11.18459    8.92963   -2.25496    .23
   28      5      7   11.18459   10.96235    -.22224    .25
   29      5      8   11.18459    8.86704   -2.31755    .29
   30      5      9   11.18459    9.96393   -1.22066    .28
   31      6      7    8.92963   10.96235    2.03272    .16
   32      6      8    8.92963    8.86704    -.06259    .18
   33      6      9    8.92963    9.96393    1.03430    .17
   34      7      8   10.96235    8.86704   -2.09531    .22
   35      7      9   10.96235    9.96393    -.99842    .18
   36      8      9    8.86704    9.96393    1.09689    .18

 ZESTAW nr   6
 Blad sredni jednostkowy =  .0977 mm/stanowisko,     kod:/.0946/  6/  7/  11
 Lp.   od    do   n    DHo(m)   V(mm)    DHw(m)    mDHw(mm)
 1     1     2   4    -.43072     .15    -.43057     .16
 2     1     5   5     .68189    -.19     .68170     .17
 3     2     3   4    -.57369     .25    -.57344     .16
 4     2     4   7    -.05004    -.32    -.05036     .16
 5     2     5   7    1.11212     .15    1.11227     .17
 6     3     4   6     .52283     .25     .52308     .16
 7     3     6   6    -.56927     .12    -.56915     .18
 8     4     5   7    1.16251     .12    1.16263     .19
 9     4     6   8   -1.09205    -.18   -1.09223     .17
10     4     7   6     .94039     .01     .94040     .18
11     6     7   6    2.03259     .03    2.03262     .16
12     6     8   6    -.06125    -.06    -.06131     .19
13     6     9   8    1.03383     .02    1.03385     .17
14     7     9   6    -.99881     .04    -.99877     .18
15     8     9   5    1.09521    -.05    1.09516     .18
                     Reper    H(m)   mH(mm)
                        1  10.50236   .174
                        2  10.07179   .129
                        3   9.49835   .127
                        4  10.02143   .108
                        5  11.18406   .159
                        6   8.92921   .117
                        7  10.96183   .142
                        8   8.86790   .183
                        9   9.96306   .162
           Macierz wariancyjno-kowariancyjna wyznaczanych wysokosci reperow
   .030162  .010109 -.000738 -.001302  .012828 -.010084 -.010809 -.015483 -.014682
   .010109  .016679  .003674  .001056  .007196 -.006856 -.007921 -.012336 -.011602
  -.000738  .003674  .016188  .001541 -.000953 -.001274 -.004326 -.007226 -.006886
  -.001302  .001056  .001541  .011760  .001051 -.001591 -.000535 -.006567 -.005413
   .012828  .007196 -.000953  .001051  .025167 -.008819 -.009120 -.014117 -.013233
  -.010084 -.006856 -.001274 -.001591 -.008819  .013776  .003633  .006139  .005076
  -.010809 -.007921 -.004326 -.000535 -.009120  .003633  .020180  .002339  .006560
  -.015483 -.012336 -.007226 -.006567 -.014117  .006139  .002339  .033448  .013804
  -.014682 -.011602 -.006886 -.005413 -.013233  .005076  .006560  .013804  .026377
   Lp    od     do    Hod(m)     Hdo(m)      DH(m)   mDH(mm)
    1      1      2   10.50236   10.07179    -.43057    .16
    2      1      3   10.50236    9.49835   -1.00401    .22
    3      1      4   10.50236   10.02143    -.48093    .21
    4      1      5   10.50236   11.18406     .68170    .17
    5      1      6   10.50236    8.92921   -1.57315    .25
    6      1      7   10.50236   10.96183     .45947    .27
    7      1      8   10.50236    8.86790   -1.63446    .31
    8      1      9   10.50236    9.96306    -.53930    .29
    9      2      3   10.07179    9.49835    -.57344    .16
   10      2      4   10.07179   10.02143    -.05036    .16
   11      2      5   10.07179   11.18406    1.11227    .17
   12      2      6   10.07179    8.92921   -1.14259    .21
   13      2      7   10.07179   10.96183     .89004    .23
   14      2      8   10.07179    8.86790   -1.20389    .27
   15      2      9   10.07179    9.96306    -.10873    .26
   16      3      4    9.49835   10.02143     .52308    .16
   17      3      5    9.49835   11.18406    1.68571    .21
   18      3      6    9.49835    8.92921    -.56915    .18
   19      3      7    9.49835   10.96183    1.46348    .21
   20      3      8    9.49835    8.86790    -.63045    .25
   21      3      9    9.49835    9.96306     .46471    .24
   22      4      5   10.02143   11.18406    1.16263    .19
   23      4      6   10.02143    8.92921   -1.09223    .17
   24      4      7   10.02143   10.96183     .94040    .18
   25      4      8   10.02143    8.86790   -1.15353    .24
   26      4      9   10.02143    9.96306    -.05837    .22
   27      5      6   11.18406    8.92921   -2.25485    .24
   28      5      7   11.18406   10.96183    -.22223    .25
   29      5      8   11.18406    8.86790   -2.31616    .29
   30      5      9   11.18406    9.96306   -1.22100    .28
   31      6      7    8.92921   10.96183    2.03262    .16
   32      6      8    8.92921    8.86790    -.06131    .19
   33      6      9    8.92921    9.96306    1.03385    .17
   34      7      8   10.96183    8.86790   -2.09393    .22
   35      7      9   10.96183    9.96306    -.99877    .18
   36      8      9    8.86790    9.96306    1.09516    .18

 ZESTAW nr   7
 Blad sredni jednostkowy =  .1178 mm/stanowisko,     kod:/.1238/  7/  8/  12
 Lp.   od    do   n    DHo(m)   V(mm)    DHw(m)    mDHw(mm)
 1     1     2   4    -.43118     .12    -.43106     .20
 2     1     5   5     .68200    -.15     .68185     .21
 3     2     3   4    -.57351     .11    -.57340     .19
 4     2     4   7    -.05125     .14    -.05111     .20
 5     2     5   7    1.11305    -.14    1.11291     .20
 6     3     4   6     .52219     .10     .52229     .19
 7     3     6   6    -.56886     .07    -.56879     .22
 8     4     5   7    1.16368     .34    1.16402     .23
 9     4     6   8   -1.09146     .38   -1.09108     .20
10     4     7   6     .94223    -.35     .94188     .22
11     6     7   6    2.03288     .08    2.03296     .20
12     6     8   6    -.06110     .12    -.06098     .23
13     6     9   8    1.03287     .20    1.03307     .21
14     7     9   6    -.99962    -.27    -.99989     .22
15     8     9   5    1.09394     .10    1.09404     .22
                     Reper    H(m)   mH(mm)
                        1  10.50264   .210
                        2  10.07158   .156
                        3   9.49818   .153
                        4  10.02047   .131
                        5  11.18450   .191
                        6   8.92939   .142
                        7  10.96235   .171
                        8   8.86842   .221
                        9   9.96246   .196
           Macierz wariancyjno-kowariancyjna wyznaczanych wysokosci reperow
   .043901  .014713 -.001074 -.001895  .018670 -.014677 -.015733 -.022536 -.021370
   .014713  .024276  .005347  .001537  .010474 -.009979 -.011528 -.017954 -.016886
  -.001074  .005347  .023562  .002243 -.001386 -.001854 -.006297 -.010517 -.010022
  -.001895  .001537  .002243  .017117  .001530 -.002316 -.000779 -.009558 -.007879
   .018670  .010474 -.001386  .001530  .036630 -.012836 -.013274 -.020548 -.019260
  -.014677 -.009979 -.001854 -.002316 -.012836  .020051  .005288  .008936  .007387
  -.015733 -.011528 -.006297 -.000779 -.013274  .005288  .029372  .003404  .009548
  -.022536 -.017954 -.010517 -.009558 -.020548  .008936  .003404  .048683  .020091
  -.021370 -.016886 -.010022 -.007879 -.019260  .007387  .009548  .020091  .038392
   Lp    od     do    Hod(m)     Hdo(m)      DH(m)   mDH(mm)
    1      1      2   10.50264   10.07158    -.43106    .20
    2      1      3   10.50264    9.49818   -1.00446    .26
    3      1      4   10.50264   10.02047    -.48217    .25
    4      1      5   10.50264   11.18450     .68185    .21
    5      1      6   10.50264    8.92939   -1.57325    .31
    6      1      7   10.50264   10.96235     .45971    .32
    7      1      8   10.50264    8.86842   -1.63423    .37
    8      1      9   10.50264    9.96246    -.54018    .35
    9      2      3   10.07158    9.49818    -.57340    .19
   10      2      4   10.07158   10.02047    -.05111    .20
   11      2      5   10.07158   11.18450    1.11291    .20
   12      2      6   10.07158    8.92939   -1.14219    .25
   13      2      7   10.07158   10.96235     .89077    .28
   14      2      8   10.07158    8.86842   -1.20316    .33
   15      2      9   10.07158    9.96246    -.10912    .31
   16      3      4    9.49818   10.02047     .52229    .19
   17      3      5    9.49818   11.18450    1.68631    .25
   18      3      6    9.49818    8.92939    -.56879    .22
   19      3      7    9.49818   10.96235    1.46417    .26
   20      3      8    9.49818    8.86842    -.62977    .31
   21      3      9    9.49818    9.96246     .46428    .29
   22      4      5   10.02047   11.18450    1.16402    .23
   23      4      6   10.02047    8.92939   -1.09108    .20
   24      4      7   10.02047   10.96235     .94188    .22
   25      4      8   10.02047    8.86842   -1.15206    .29
   26      4      9   10.02047    9.96246    -.05801    .27
   27      5      6   11.18450    8.92939   -2.25510    .29
   28      5      7   11.18450   10.96235    -.22214    .30
   29      5      8   11.18450    8.86842   -2.31608    .36
   30      5      9   11.18450    9.96246   -1.22204    .34
   31      6      7    8.92939   10.96235    2.03296    .20
   32      6      8    8.92939    8.86842    -.06098    .23
   33      6      9    8.92939    9.96246    1.03307    .21
   34      7      8   10.96235    8.86842   -2.09394    .27
   35      7      9   10.96235    9.96246    -.99989    .22
   36      8      9    8.86842    9.96246    1.09404    .22

 ZESTAW nr   8
 Blad sredni jednostkowy =  .0898 mm/stanowisko,     kod:/.0847/  8/  9/  13
 Lp.   od    do   n    DHo(m)   V(mm)    DHw(m)    mDHw(mm)
 1     1     2   4    -.43159    -.05    -.43164     .15
 2     1     5   5     .68145     .06     .68151     .16
 3     2     3   4    -.57214     .06    -.57208     .15
 4     2     4   7    -.05079    -.07    -.05086     .15
 5     2     5   7    1.11326    -.12    1.11314     .15
 6     3     4   6     .52091     .30     .52121     .14
 7     3     6   6    -.56910    -.21    -.56931     .17
 8     4     5   7    1.16397     .04    1.16401     .17
 9     4     6   8   -1.09041    -.12   -1.09053     .16
10     4     7   6     .94116     .30     .94146     .17
11     6     7   6    2.03214    -.16    2.03198     .15
12     6     8   6    -.06165    -.12    -.06177     .17
13     6     9   8    1.03269    -.02    1.03267     .16
14     7     9   6    -.99945     .14    -.99931     .17
15     8     9   5    1.09455    -.10    1.09445     .17
                     Reper    H(m)   mH(mm)
                        1  10.50284   .160
                        2  10.07120   .119
                        3   9.49913   .117
                        4  10.02034   .100
                        5  11.18435   .146
                        6   8.92982   .108
                        7  10.96180   .131
                        8   8.86804   .168
                        9   9.96249   .149
           Macierz wariancyjno-kowariancyjna wyznaczanych wysokosci reperow
   .025493  .008544 -.000624 -.001100  .010842 -.008523 -.009136 -.013086 -.012409
   .008544  .014097  .003105  .000893  .006082 -.005795 -.006694 -.010426 -.009806
  -.000624  .003105  .013682  .001302 -.000805 -.001077 -.003657 -.006107 -.005820
  -.001100  .000893  .001302  .009940  .000888 -.001345 -.000452 -.005550 -.004575
   .010842  .006082 -.000805  .000888  .021271 -.007454 -.007708 -.011932 -.011184
  -.008523 -.005795 -.001077 -.001345 -.007454  .011644  .003071  .005189  .004290
  -.009136 -.006694 -.003657 -.000452 -.007708  .003071  .017056  .001977  .005544
  -.013086 -.010426 -.006107 -.005550 -.011932  .005189  .001977  .028270  .011667
  -.012409 -.009806 -.005820 -.004575 -.011184  .004290  .005544  .011667  .022294
   Lp    od     do    Hod(m)     Hdo(m)      DH(m)   mDH(mm)
    1      1      2   10.50284   10.07120    -.43164    .15
    2      1      3   10.50284    9.49913   -1.00371    .20
    3      1      4   10.50284   10.02034    -.48250    .19
    4      1      5   10.50284   11.18435     .68151    .16
    5      1      6   10.50284    8.92982   -1.57302    .23
    6      1      7   10.50284   10.96180     .45896    .25
    7      1      8   10.50284    8.86804   -1.63480    .28
    8      1      9   10.50284    9.96249    -.54035    .27
    9      2      3   10.07120    9.49913    -.57208    .15
   10      2      4   10.07120   10.02034    -.05086    .15
   11      2      5   10.07120   11.18435    1.11314    .15
   12      2      6   10.07120    8.92982   -1.14139    .19
   13      2      7   10.07120   10.96180     .89059    .21
   14      2      8   10.07120    8.86804   -1.20316    .25
   15      2      9   10.07120    9.96249    -.10872    .24
   16      3      4    9.49913   10.02034     .52121    .14
   17      3      5    9.49913   11.18435    1.68522    .19
   18      3      6    9.49913    8.92982    -.56931    .17
   19      3      7    9.49913   10.96180    1.46267    .20
   20      3      8    9.49913    8.86804    -.63109    .23
   21      3      9    9.49913    9.96249     .46336    .22
   22      4      5   10.02034   11.18435    1.16401    .17
   23      4      6   10.02034    8.92982   -1.09053    .16
   24      4      7   10.02034   10.96180     .94146    .17
   25      4      8   10.02034    8.86804   -1.15230    .22
   26      4      9   10.02034    9.96249    -.05785    .20
   27      5      6   11.18435    8.92982   -2.25453    .22
   28      5      7   11.18435   10.96180    -.22255    .23
   29      5      8   11.18435    8.86804   -2.31631    .27
   30      5      9   11.18435    9.96249   -1.22186    .26
   31      6      7    8.92982   10.96180    2.03198    .15
   32      6      8    8.92982    8.86804    -.06177    .17
   33      6      9    8.92982    9.96249    1.03267    .16
   34      7      8   10.96180    8.86804   -2.09376    .20
   35      7      9   10.96180    9.96249    -.99931    .17
   36      8      9    8.86804    9.96249    1.09445    .17

 ZESTAW nr   9
 Blad sredni jednostkowy =  .1147 mm/stanowisko,     kod:/.1175/  9/ 12/  16
 Lp.   od    do   n    DHo(m)   V(mm)    DHw(m)    mDHw(mm)
 1     1     2   4    -.43068    -.17    -.43085     .19
 2     1     5   5     .68138     .21     .68159     .20
 3     2     3   4    -.57400     .09    -.57391     .19
 4     2     4   7    -.05117    -.07    -.05124     .19
 5     2     5   7    1.11281    -.37    1.11244     .19
 6     3     4   6     .52233     .35     .52268     .19
 7     3     6   6    -.56818    -.22    -.56840     .21
 8     4     5   7    1.16359     .08    1.16367     .22
 9     4     6   8   -1.09139     .32   -1.09107     .20
10     4     7   6     .94148    -.02     .94146     .21
11     6     7   6    2.03259    -.06    2.03253     .19
12     6     8   6    -.06318     .17    -.06301     .22
13     6     9   8    1.03306    -.13    1.03293     .20
14     7     9   6    -.99952    -.08    -.99960     .21
15     8     9   5    1.09580     .14    1.09594     .21
                     Reper    H(m)   mH(mm)
                        1  10.50292   .204
                        2  10.07207   .152
                        3   9.49816   .149
                        4  10.02083   .127
                        5  11.18451   .186
                        6   8.92976   .138
                        7  10.96229   .167
                        8   8.86675   .215
                        9   9.96270   .191
           Macierz wariancyjno-kowariancyjna wyznaczanych wysokosci reperow
   .041627  .013951 -.001018 -.001796  .017703 -.013917 -.014918 -.021368 -.020263
   .013951  .023018  .005070  .001458  .009931 -.009462 -.010931 -.017024 -.016012
  -.001018  .005070  .022341  .002126 -.001315 -.001758 -.005971 -.009973 -.009503
  -.001796  .001458  .002126  .016230  .001451 -.002196 -.000738 -.009063 -.007471
   .017703  .009931 -.001315  .001451  .034733 -.012171 -.012587 -.019483 -.018262
  -.013917 -.009462 -.001758 -.002196 -.012171  .019013  .005014  .008473  .007005
  -.014918 -.010931 -.005971 -.000738 -.012587  .005014  .027850  .003227  .009053
  -.021368 -.017024 -.009973 -.009063 -.019483  .008473  .003227  .046161  .019050
  -.020263 -.016012 -.009503 -.007471 -.018262  .007005  .009053  .019050  .036403
   Lp    od     do    Hod(m)     Hdo(m)      DH(m)   mDH(mm)
    1      1      2   10.50292   10.07207    -.43085    .19
    2      1      3   10.50292    9.49816   -1.00476    .26
    3      1      4   10.50292   10.02083    -.48208    .25
    4      1      5   10.50292   11.18451     .68159    .20
    5      1      6   10.50292    8.92976   -1.57316    .30
    6      1      7   10.50292   10.96229     .45937    .32
    7      1      8   10.50292    8.86675   -1.63617    .36
    8      1      9   10.50292    9.96270    -.54022    .34
    9      2      3   10.07207    9.49816    -.57391    .19
   10      2      4   10.07207   10.02083    -.05124    .19
   11      2      5   10.07207   11.18451    1.11244    .19
   12      2      6   10.07207    8.92976   -1.14231    .25
   13      2      7   10.07207   10.96229     .89022    .27
   14      2      8   10.07207    8.86675   -1.20532    .32
   15      2      9   10.07207    9.96270    -.10938    .30
   16      3      4    9.49816   10.02083     .52268    .19
   17      3      5    9.49816   11.18451    1.68635    .24
   18      3      6    9.49816    8.92976    -.56840    .21
   19      3      7    9.49816   10.96229    1.46414    .25
   20      3      8    9.49816    8.86675    -.63141    .30
   21      3      9    9.49816    9.96270     .46454    .28
   22      4      5   10.02083   11.18451    1.16367    .22
   23      4      6   10.02083    8.92976   -1.09107    .20
   24      4      7   10.02083   10.96229     .94146    .21
   25      4      8   10.02083    8.86675   -1.15408    .28
   26      4      9   10.02083    9.96270    -.05814    .26
   27      5      6   11.18451    8.92976   -2.25475    .28
   28      5      7   11.18451   10.96229    -.22221    .30
   29      5      8   11.18451    8.86675   -2.31775    .35
   30      5      9   11.18451    9.96270   -1.22181    .33
   31      6      7    8.92976   10.96229    2.03253    .19
   32      6      8    8.92976    8.86675    -.06301    .22
   33      6      9    8.92976    9.96270    1.03293    .20
   34      7      8   10.96229    8.86675   -2.09554    .26
   35      7      9   10.96229    9.96270    -.99960    .21
   36      8      9    8.86675    9.96270    1.09594    .21

 ZESTAW nr  10
 Blad sredni jednostkowy =  .1083 mm/stanowisko,     kod:/.1093/ 10/ 13/  18
 Lp.   od    do   n    DHo(m)   V(mm)    DHw(m)    mDHw(mm)
 1     1     2   4    -.43099    -.14    -.43113     .18
 2     1     5   5     .68091     .18     .68109     .19
 3     2     3   4    -.57373     .00    -.57373     .18
 4     2     4   7    -.05021    -.02    -.05023     .18
 5     2     5   7    1.11244    -.22    1.11222     .18
 6     3     4   6     .52346     .04     .52350     .17
 7     3     6   6    -.56949    -.04    -.56953     .20
 8     4     5   7    1.16248    -.03    1.16245     .21
 9     4     6   8   -1.09290    -.12   -1.09302     .19
10     4     7   6     .94051     .13     .94064     .20
11     6     7   6    2.03345     .21    2.03366     .18
12     6     8   6    -.06162    -.32    -.06194     .21
13     6     9   8    1.03358    -.04    1.03354     .19
14     7     9   6   -1.00047     .35   -1.00012     .20
15     8     9   5    1.09574    -.26    1.09548     .20
                     Reper    H(m)   mH(mm)
                        1  10.50317   .192
                        2  10.07204   .143
                        3   9.49831   .141
                        4  10.02181   .120
                        5  11.18426   .176
                        6   8.92878   .130
                        7  10.96245   .157
                        8   8.86685   .203
                        9   9.96232   .180
           Macierz wariancyjno-kowariancyjna wyznaczanych wysokosci reperow
   .037050  .012417 -.000906 -.001599  .015757 -.012387 -.013278 -.019019 -.018035
   .012417  .020488  .004513  .001297  .008840 -.008422 -.009729 -.015153 -.014251
  -.000906  .004513  .019885  .001893 -.001170 -.001565 -.005314 -.008876 -.008458
  -.001599  .001297  .001893  .014446  .001291 -.001955 -.000657 -.008067 -.006649
   .015757  .008840 -.001170  .001291  .030914 -.010833 -.011203 -.017341 -.016254
  -.012387 -.008422 -.001565 -.001955 -.010833  .016922  .004463  .007541  .006235
  -.013278 -.009729 -.005314 -.000657 -.011203  .004463  .024788  .002873  .008058
  -.019019 -.015153 -.008876 -.008067 -.017341  .007541  .002873  .041086  .016956
  -.018035 -.014251 -.008458 -.006649 -.016254  .006235  .008058  .016956  .032400
   Lp    od     do    Hod(m)     Hdo(m)      DH(m)   mDH(mm)
    1      1      2   10.50317   10.07204    -.43113    .18
    2      1      3   10.50317    9.49831   -1.00486    .24
    3      1      4   10.50317   10.02181    -.48137    .23
    4      1      5   10.50317   11.18426     .68109    .19
    5      1      6   10.50317    8.92878   -1.57439    .28
    6      1      7   10.50317   10.96245     .45927    .30
    7      1      8   10.50317    8.86685   -1.63633    .34
    8      1      9   10.50317    9.96232    -.54085    .32
    9      2      3   10.07204    9.49831    -.57373    .18
   10      2      4   10.07204   10.02181    -.05023    .18
   11      2      5   10.07204   11.18426    1.11222    .18
   12      2      6   10.07204    8.92878   -1.14326    .23
   13      2      7   10.07204   10.96245     .89041    .25
   14      2      8   10.07204    8.86685   -1.20519    .30
   15      2      9   10.07204    9.96232    -.10972    .29
   16      3      4    9.49831   10.02181     .52350    .17
   17      3      5    9.49831   11.18426    1.68595    .23
   18      3      6    9.49831    8.92878    -.56953    .20
   19      3      7    9.49831   10.96245    1.46414    .24
   20      3      8    9.49831    8.86685    -.63146    .28
   21      3      9    9.49831    9.96232     .46401    .26
   22      4      5   10.02181   11.18426    1.16245    .21
   23      4      6   10.02181    8.92878   -1.09302    .19
   24      4      7   10.02181   10.96245     .94064    .20
   25      4      8   10.02181    8.86685   -1.15496    .27
   26      4      9   10.02181    9.96232    -.05948    .25
   27      5      6   11.18426    8.92878   -2.25548    .26
   28      5      7   11.18426   10.96245    -.22181    .28
   29      5      8   11.18426    8.86685   -2.31741    .33
   30      5      9   11.18426    9.96232   -1.22194    .31
   31      6      7    8.92878   10.96245    2.03366    .18
   32      6      8    8.92878    8.86685    -.06194    .21
   33      6      9    8.92878    9.96232    1.03354    .19
   34      7      8   10.96245    8.86685   -2.09560    .25
   35      7      9   10.96245    9.96232   -1.00012    .20
   36      8      9    8.86685    9.96232    1.09548    .20

 ZESTAW nr  11
 Blad sredni jednostkowy =  .0979 mm/stanowisko,     kod:/.1047/ 11/ 14/  20
 Lp.   od    do   n    DHo(m)   V(mm)    DHw(m)    mDHw(mm)
 1     1     2   4    -.43223    -.22    -.43245     .16
 2     1     5   5     .68091     .28     .68119     .17
 3     2     3   4    -.57259    -.01    -.57260     .16
 4     2     4   7    -.04948    -.03    -.04951     .16
 5     2     5   7    1.11398    -.34    1.11364     .17
 6     3     4   6     .52291     .18     .52309     .16
 7     3     6   6    -.56861    -.20    -.56881     .18
 8     4     5   7    1.16320    -.05    1.16315     .19
 9     4     6   8   -1.09194     .04   -1.09190     .17
10     4     7   6     .94016     .17     .94033     .18
11     6     7   6    2.03237    -.15    2.03222     .16
12     6     8   6    -.06092    -.07    -.06099     .19
13     6     9   8    1.03352     .06    1.03358     .17
14     7     9   6    -.99866     .02    -.99864     .18
15     8     9   5    1.09463    -.06    1.09457     .18
                     Reper    H(m)   mH(mm)
                        1  10.50321   .174
                        2  10.07076   .129
                        3   9.49816   .128
                        4  10.02125   .109
                        5  11.18440   .159
                        6   8.92935   .118
                        7  10.96157   .142
                        8   8.86836   .183
                        9   9.96294   .163
           Macierz wariancyjno-kowariancyjna wyznaczanych wysokosci reperow
   .030317  .010160 -.000742 -.001308  .012893 -.010136 -.010865 -.015562 -.014757
   .010160  .016764  .003693  .001062  .007233 -.006891 -.007961 -.012399 -.011661
  -.000742  .003693  .016271  .001549 -.000957 -.001281 -.004349 -.007263 -.006921
  -.001308  .001062  .001549  .011820  .001056 -.001600 -.000538 -.006601 -.005441
   .012893  .007233 -.000957  .001056  .025296 -.008864 -.009167 -.014190 -.013300
  -.010136 -.006891 -.001281 -.001600 -.008864  .013847  .003652  .006171  .005102
  -.010865 -.007961 -.004349 -.000538 -.009167  .003652  .020283  .002351  .006593
  -.015562 -.012399 -.007263 -.006601 -.014190  .006171  .002351  .033619  .013874
  -.014757 -.011661 -.006921 -.005441 -.013300  .005102  .006593  .013874  .026512
   Lp    od     do    Hod(m)     Hdo(m)      DH(m)   mDH(mm)
    1      1      2   10.50321   10.07076    -.43245    .16
    2      1      3   10.50321    9.49816   -1.00505    .22
    3      1      4   10.50321   10.02125    -.48196    .21
    4      1      5   10.50321   11.18440     .68119    .17
    5      1      6   10.50321    8.92935   -1.57386    .25
    6      1      7   10.50321   10.96157     .45836    .27
    7      1      8   10.50321    8.86836   -1.63485    .31
    8      1      9   10.50321    9.96294    -.54028    .29
    9      2      3   10.07076    9.49816    -.57260    .16
   10      2      4   10.07076   10.02125    -.04951    .16
   11      2      5   10.07076   11.18440    1.11364    .17
   12      2      6   10.07076    8.92935   -1.14141    .21
   13      2      7   10.07076   10.96157     .89082    .23
   14      2      8   10.07076    8.86836   -1.20240    .27
   15      2      9   10.07076    9.96294    -.10782    .26
   16      3      4    9.49816   10.02125     .52309    .16
   17      3      5    9.49816   11.18440    1.68624    .21
   18      3      6    9.49816    8.92935    -.56881    .18
   19      3      7    9.49816   10.96157    1.46342    .21
   20      3      8    9.49816    8.86836    -.62980    .25
   21      3      9    9.49816    9.96294     .46478    .24
   22      4      5   10.02125   11.18440    1.16315    .19
   23      4      6   10.02125    8.92935   -1.09190    .17
   24      4      7   10.02125   10.96157     .94033    .18
   25      4      8   10.02125    8.86836   -1.15289    .24
   26      4      9   10.02125    9.96294    -.05831    .22
   27      5      6   11.18440    8.92935   -2.25505    .24
   28      5      7   11.18440   10.96157    -.22282    .25
   29      5      8   11.18440    8.86836   -2.31604    .30
   30      5      9   11.18440    9.96294   -1.22146    .28
   31      6      7    8.92935   10.96157    2.03222    .16
   32      6      8    8.92935    8.86836    -.06099    .19
   33      6      9    8.92935    9.96294    1.03358    .17
   34      7      8   10.96157    8.86836   -2.09321    .22
   35      7      9   10.96157    9.96294    -.99864    .18
   36      8      9    8.86836    9.96294    1.09457    .18

 ZESTAW nr  12
 Blad sredni jednostkowy =  .1084 mm/stanowisko,     kod:/.0836/ 12/ 16/  23
 Lp.   od    do   n    DHo(m)   V(mm)    DHw(m)    mDHw(mm)
 1     1     2   4    -.42991    -.10    -.43001     .18
 2     1     5   5     .68382     .12     .68394     .19
 3     2     3   4    -.57278     .03    -.57275     .18
 4     2     4   7    -.05036    -.19    -.05055     .18
 5     2     5   7    1.11397    -.02    1.11395     .18
 6     3     4   6     .52253    -.33     .52220     .18
 7     3     6   6    -.56781     .36    -.56745     .20
 8     4     5   7    1.16464    -.14    1.16450     .21
 9     4     6   8   -1.08955    -.10   -1.08965     .19
10     4     7   6     .94209    -.29     .94180     .20
11     6     7   6    2.03117     .28    2.03145     .18
12     6     8   6    -.06346    -.03    -.06349     .21
13     6     9   8    1.03259     .05    1.03264     .19
14     7     9   6    -.99881     .00    -.99881     .20
15     8     9   5    1.09616    -.03    1.09613     .20
                     Reper    H(m)   mH(mm)
                        1  10.50107   .193
                        2  10.07106   .143
                        3   9.49831   .141
                        4  10.02051   .120
                        5  11.18501   .176
                        6   8.93086   .130
                        7  10.96231   .158
                        8   8.86737   .203
                        9   9.96350   .180
           Macierz wariancyjno-kowariancyjna wyznaczanych wysokosci reperow
   .037178  .012460 -.000910 -.001604  .015812 -.012430 -.013324 -.019085 -.018098
   .012460  .020559  .004528  .001302  .008870 -.008451 -.009763 -.015205 -.014301
  -.000910  .004528  .019954  .001899 -.001174 -.001570 -.005333 -.008907 -.008488
  -.001604  .001302  .001899  .014496  .001296 -.001962 -.000659 -.008095 -.006672
   .015812  .008870 -.001174  .001296  .031021 -.010871 -.011242 -.017401 -.016311
  -.012430 -.008451 -.001570 -.001962 -.010871  .016981  .004479  .007568  .006256
  -.013324 -.009763 -.005333 -.000659 -.011242  .004479  .024874  .002883  .008086
  -.019085 -.015205 -.008907 -.008095 -.017401  .007568  .002883  .041228  .017014
  -.018098 -.014301 -.008488 -.006672 -.016311  .006256  .008086  .017014  .032513
   Lp    od     do    Hod(m)     Hdo(m)      DH(m)   mDH(mm)
    1      1      2   10.50107   10.07106    -.43001    .18
    2      1      3   10.50107    9.49831   -1.00276    .24
    3      1      4   10.50107   10.02051    -.48056    .23
    4      1      5   10.50107   11.18501     .68394    .19
    5      1      6   10.50107    8.93086   -1.57021    .28
    6      1      7   10.50107   10.96231     .46125    .30
    7      1      8   10.50107    8.86737   -1.63370    .34
    8      1      9   10.50107    9.96350    -.53757    .33
    9      2      3   10.07106    9.49831    -.57275    .18
   10      2      4   10.07106   10.02051    -.05055    .18
   11      2      5   10.07106   11.18501    1.11395    .18
   12      2      6   10.07106    8.93086   -1.14020    .23
   13      2      7   10.07106   10.96231     .89125    .25
   14      2      8   10.07106    8.86737   -1.20369    .30
   15      2      9   10.07106    9.96350    -.10756    .29
   16      3      4    9.49831   10.02051     .52220    .18
   17      3      5    9.49831   11.18501    1.68670    .23
   18      3      6    9.49831    8.93086    -.56745    .20
   19      3      7    9.49831   10.96231    1.46401    .24
   20      3      8    9.49831    8.86737    -.63094    .28
   21      3      9    9.49831    9.96350     .46519    .26
   22      4      5   10.02051   11.18501    1.16450    .21
   23      4      6   10.02051    8.93086   -1.08965    .19
   24      4      7   10.02051   10.96231     .94180    .20
   25      4      8   10.02051    8.86737   -1.15314    .27
   26      4      9   10.02051    9.96350    -.05701    .25
   27      5      6   11.18501    8.93086   -2.25415    .26
   28      5      7   11.18501   10.96231    -.22269    .28
   29      5      8   11.18501    8.86737   -2.31764    .33
   30      5      9   11.18501    9.96350   -1.22151    .31
   31      6      7    8.93086   10.96231    2.03145    .18
   32      6      8    8.93086    8.86737    -.06349    .21
   33      6      9    8.93086    9.96350    1.03264    .19
   34      7      8   10.96231    8.86737   -2.09495    .25
   35      7      9   10.96231    9.96350    -.99881    .20
   36      8      9    8.86737    9.96350    1.09613    .20

 ZESTAW nr  13
 Blad sredni jednostkowy =  .0939 mm/stanowisko,     kod:/.0861/ 13/ 17/  24
 Lp.   od    do   n    DHo(m)   V(mm)    DHw(m)    mDHw(mm)
 1     1     2   4    -.43121     .00    -.43121     .16
 2     1     5   5     .68178    -.01     .68177     .17
 3     2     3   4    -.57331    -.06    -.57337     .15
 4     2     4   7    -.05074     .08    -.05066     .16
 5     2     5   7    1.11295     .03    1.11298     .16
 6     3     4   6     .52291    -.20     .52271     .15
 7     3     6   6    -.56829     .10    -.56819     .17
 8     4     5   7    1.16366    -.02    1.16364     .18
 9     4     6   8   -1.09075    -.15   -1.09090     .16
10     4     7   6     .94140     .01     .94141     .17
11     6     7   6    2.03201     .30    2.03231     .16
12     6     8   6    -.06253    -.24    -.06277     .18
13     6     9   8    1.03253    -.09    1.03244     .17
14     7     9   6   -1.00017     .30    -.99987     .18
15     8     9   5    1.09541    -.20    1.09521     .17
                     Reper    H(m)   mH(mm)
                        1  10.50277   .167
                        2  10.07157   .124
                        3   9.49819   .122
                        4  10.02091   .104
                        5  11.18455   .153
                        6   8.93001   .113
                        7  10.96232   .137
                        8   8.86724   .176
                        9   9.96245   .156
           Macierz wariancyjno-kowariancyjna wyznaczanych wysokosci reperow
   .027898  .009350 -.000683 -.001204  .011865 -.009327 -.009998 -.014321 -.013580
   .009350  .015427  .003398  .000977  .006656 -.006341 -.007326 -.011410 -.010731
  -.000683  .003398  .014973  .001425 -.000881 -.001178 -.004002 -.006684 -.006369
  -.001204  .000977  .001425  .010877  .000972 -.001472 -.000495 -.006074 -.005007
   .011865  .006656 -.000881  .000972  .023278 -.008157 -.008436 -.013058 -.012239
  -.009327 -.006341 -.001178 -.001472 -.008157  .012742  .003361  .005679  .004695
  -.009998 -.007326 -.004002 -.000495 -.008436  .003361  .018665  .002163  .006067
  -.014321 -.011410 -.006684 -.006074 -.013058  .005679  .002163  .030937  .012767
  -.013580 -.010731 -.006369 -.005007 -.012239  .004695  .006067  .012767  .024397
   Lp    od     do    Hod(m)     Hdo(m)      DH(m)   mDH(mm)
    1      1      2   10.50277   10.07157    -.43121    .16
    2      1      3   10.50277    9.49819   -1.00458    .21
    3      1      4   10.50277   10.02091    -.48186    .20
    4      1      5   10.50277   11.18455     .68177    .17
    5      1      6   10.50277    8.93001   -1.57276    .24
    6      1      7   10.50277   10.96232     .45955    .26
    7      1      8   10.50277    8.86724   -1.63553    .30
    8      1      9   10.50277    9.96245    -.54032    .28
    9      2      3   10.07157    9.49819    -.57337    .15
   10      2      4   10.07157   10.02091    -.05066    .16
   11      2      5   10.07157   11.18455    1.11298    .16
   12      2      6   10.07157    8.93001   -1.14156    .20
   13      2      7   10.07157   10.96232     .89075    .22
   14      2      8   10.07157    8.86724   -1.20433    .26
   15      2      9   10.07157    9.96245    -.10911    .25
   16      3      4    9.49819   10.02091     .52271    .15
   17      3      5    9.49819   11.18455    1.68635    .20
   18      3      6    9.49819    8.93001    -.56819    .17
   19      3      7    9.49819   10.96232    1.46412    .20
   20      3      8    9.49819    8.86724    -.63095    .24
   21      3      9    9.49819    9.96245     .46426    .23
   22      4      5   10.02091   11.18455    1.16364    .18
   23      4      6   10.02091    8.93001   -1.09090    .16
   24      4      7   10.02091   10.96232     .94141    .17
   25      4      8   10.02091    8.86724   -1.15367    .23
   26      4      9   10.02091    9.96245    -.05846    .21
   27      5      6   11.18455    8.93001   -2.25454    .23
   28      5      7   11.18455   10.96232    -.22223    .24
   29      5      8   11.18455    8.86724   -2.31731    .28
   30      5      9   11.18455    9.96245   -1.22209    .27
   31      6      7    8.93001   10.96232    2.03231    .16
   32      6      8    8.93001    8.86724    -.06277    .18
   33      6      9    8.93001    9.96245    1.03244    .17
   34      7      8   10.96232    8.86724   -2.09508    .21
   35      7      9   10.96232    9.96245    -.99987    .18
   36      8      9    8.86724    9.96245    1.09521    .17

 ZESTAW nr  14
 Blad sredni jednostkowy =  .1123 mm/stanowisko,     kod:/.1077/ 14/ 18/  25
 Lp.   od    do   n    DHo(m)   V(mm)    DHw(m)    mDHw(mm)
 1     1     2   4    -.43084    -.20    -.43104     .19
 2     1     5   5     .68119     .24     .68143     .20
 3     2     3   4    -.57380    -.23    -.57403     .18
 4     2     4   7    -.05092     .09    -.05083     .19
 5     2     5   7    1.11251    -.04    1.11247     .19
 6     3     4   6     .52355    -.35     .52320     .18
 7     3     6   6    -.56728     .01    -.56727     .21
 8     4     5   7    1.16360    -.30    1.16330     .21
 9     4     6   8   -1.09059     .12   -1.09047     .19
10     4     7   6     .94112    -.10     .94102     .21
11     6     7   6    2.03129     .19    2.03148     .19
12     6     8   6    -.06339    -.15    -.06354     .21
13     6     9   8    1.03310     .08    1.03318     .20
14     7     9   6    -.99840     .09    -.99831     .21
15     8     9   5    1.09684    -.12    1.09672     .21
                     Reper    H(m)   mH(mm)
                        1  10.50275   .200
                        2  10.07171   .149
                        3   9.49769   .146
                        4  10.02088   .125
                        5  11.18418   .182
                        6   8.93042   .135
                        7  10.96190   .163
                        8   8.86688   .210
                        9   9.96359   .187
           Macierz wariancyjno-kowariancyjna wyznaczanych wysokosci reperow
   .039884  .013367 -.000976 -.001721  .016962 -.013334 -.014293 -.020474 -.019414
   .013367  .022055  .004858  .001397  .009516 -.009066 -.010473 -.016312 -.015341
  -.000976  .004858  .021406  .002037 -.001260 -.001685 -.005721 -.009555 -.009105
  -.001721  .001397  .002037  .015550  .001390 -.002104 -.000707 -.008684 -.007158
   .016962  .009516 -.001260  .001390  .033279 -.011662 -.012060 -.018668 -.017497
  -.013334 -.009066 -.001685 -.002104 -.011662  .018217  .004805  .008118  .006711
  -.014293 -.010473 -.005721 -.000707 -.012060  .004805  .026684  .003092  .008674
  -.020474 -.016312 -.009555 -.008684 -.018668  .008118  .003092  .044228  .018253
  -.019414 -.015341 -.009105 -.007158 -.017497  .006711  .008674  .018253  .034879
   Lp    od     do    Hod(m)     Hdo(m)      DH(m)   mDH(mm)
    1      1      2   10.50275   10.07171    -.43104    .19
    2      1      3   10.50275    9.49769   -1.00506    .25
    3      1      4   10.50275   10.02088    -.48186    .24
    4      1      5   10.50275   11.18418     .68143    .20
    5      1      6   10.50275    8.93042   -1.57233    .29
    6      1      7   10.50275   10.96190     .45915    .31
    7      1      8   10.50275    8.86688   -1.63587    .35
    8      1      9   10.50275    9.96359    -.53915    .34
    9      2      3   10.07171    9.49769    -.57403    .18
   10      2      4   10.07171   10.02088    -.05083    .19
   11      2      5   10.07171   11.18418    1.11247    .19
   12      2      6   10.07171    8.93042   -1.14129    .24
   13      2      7   10.07171   10.96190     .89019    .26
   14      2      8   10.07171    8.86688   -1.20483    .31
   15      2      9   10.07171    9.96359    -.10812    .30
   16      3      4    9.49769   10.02088     .52320    .18
   17      3      5    9.49769   11.18418    1.68650    .24
   18      3      6    9.49769    8.93042    -.56727    .21
   19      3      7    9.49769   10.96190    1.46422    .24
   20      3      8    9.49769    8.86688    -.63081    .29
   21      3      9    9.49769    9.96359     .46591    .27
   22      4      5   10.02088   11.18418    1.16330    .21
   23      4      6   10.02088    8.93042   -1.09047    .19
   24      4      7   10.02088   10.96190     .94102    .21
   25      4      8   10.02088    8.86688   -1.15401    .28
   26      4      9   10.02088    9.96359    -.05729    .25
   27      5      6   11.18418    8.93042   -2.25377    .27
   28      5      7   11.18418   10.96190    -.22228    .29
   29      5      8   11.18418    8.86688   -2.31730    .34
   30      5      9   11.18418    9.96359   -1.22059    .32
   31      6      7    8.93042   10.96190    2.03148    .19
   32      6      8    8.93042    8.86688    -.06354    .21
   33      6      9    8.93042    9.96359    1.03318    .20
   34      7      8   10.96190    8.86688   -2.09502    .25
   35      7      9   10.96190    9.96359    -.99831    .21
   36      8      9    8.86688    9.96359    1.09672    .21

 ZESTAW nr  15
 Blad sredni jednostkowy =  .0868 mm/stanowisko,     kod:/.0967/ 15/ 24/  33
 Lp.   od    do   n    DHo(m)   V(mm)    DHw(m)    mDHw(mm)
 1     1     2   4    -.43070    -.18    -.43088     .14
 2     1     5   5     .68188     .23     .68211     .15
 3     2     3   4    -.57349    -.09    -.57358     .14
 4     2     4   7    -.05068     .00    -.05068     .14
 5     2     5   7    1.11315    -.16    1.11299     .15
 6     3     4   6     .52294    -.05     .52289     .14
 7     3     6   6    -.56911    -.08    -.56919     .16
 8     4     5   7    1.16382    -.15    1.16367     .17
 9     4     6   8   -1.09193    -.16   -1.09209     .15
10     4     7   6     .94191     .20     .94211     .16
11     6     7   6    2.03420     .00    2.03420     .15
12     6     8   6    -.06147    -.16    -.06163     .17
13     6     9   8    1.03367    -.05    1.03362     .15
14     7     9   6   -1.00077     .19   -1.00058     .16
15     8     9   5    1.09538    -.13    1.09525     .16
                     Reper    H(m)   mH(mm)
                        1  10.50258   .154
                        2  10.07170   .115
                        3   9.49812   .113
                        4  10.02102   .096
                        5  11.18468   .141
                        6   8.92893   .104
                        7  10.96312   .126
                        8   8.86730   .162
                        9   9.96255   .144
           Macierz wariancyjno-kowariancyjna wyznaczanych wysokosci reperow
   .023812  .007981 -.000583 -.001028  .010127 -.007961 -.008534 -.012224 -.011591
   .007981  .013167  .002900  .000834  .005681 -.005413 -.006253 -.009739 -.009159
  -.000583  .002900  .012780  .001216 -.000752 -.001006 -.003416 -.005705 -.005436
  -.001028  .000834  .001216  .009284  .000830 -.001256 -.000422 -.005184 -.004274
   .010127  .005681 -.000752  .000830  .019869 -.006963 -.007200 -.011145 -.010447
  -.007961 -.005413 -.001006 -.001256 -.006963  .010876  .002868  .004847  .004007
  -.008534 -.006253 -.003416 -.000422 -.007200  .002868  .015931  .001846  .005179
  -.012224 -.009739 -.005705 -.005184 -.011145  .004847  .001846  .026406  .010897
  -.011591 -.009159 -.005436 -.004274 -.010447  .004007  .005179  .010897  .020824
   Lp    od     do    Hod(m)     Hdo(m)      DH(m)   mDH(mm)
    1      1      2   10.50258   10.07170    -.43088    .14
    2      1      3   10.50258    9.49812   -1.00446    .19
    3      1      4   10.50258   10.02102    -.48156    .19
    4      1      5   10.50258   11.18468     .68211    .15
    5      1      6   10.50258    8.92893   -1.57365    .22
    6      1      7   10.50258   10.96312     .46055    .24
    7      1      8   10.50258    8.86730   -1.63528    .27
    8      1      9   10.50258    9.96255    -.54003    .26
    9      2      3   10.07170    9.49812    -.57358    .14
   10      2      4   10.07170   10.02102    -.05068    .14
   11      2      5   10.07170   11.18468    1.11299    .15
   12      2      6   10.07170    8.92893   -1.14277    .19
   13      2      7   10.07170   10.96312     .89143    .20
   14      2      8   10.07170    8.86730   -1.20440    .24
   15      2      9   10.07170    9.96255    -.10915    .23
   16      3      4    9.49812   10.02102     .52289    .14
   17      3      5    9.49812   11.18468    1.68656    .18
   18      3      6    9.49812    8.92893    -.56919    .16
   19      3      7    9.49812   10.96312    1.46500    .19
   20      3      8    9.49812    8.86730    -.63082    .22
   21      3      9    9.49812    9.96255     .46443    .21
   22      4      5   10.02102   11.18468    1.16367    .17
   23      4      6   10.02102    8.92893   -1.09209    .15
   24      4      7   10.02102   10.96312     .94211    .16
   25      4      8   10.02102    8.86730   -1.15371    .21
   26      4      9   10.02102    9.96255    -.05847    .20
   27      5      6   11.18468    8.92893   -2.25575    .21
   28      5      7   11.18468   10.96312    -.22156    .22
   29      5      8   11.18468    8.86730   -2.31738    .26
   30      5      9   11.18468    9.96255   -1.22213    .25
   31      6      7    8.92893   10.96312    2.03420    .15
   32      6      8    8.92893    8.86730    -.06163    .17
   33      6      9    8.92893    9.96255    1.03362    .15
   34      7      8   10.96312    8.86730   -2.09582    .20
   35      7      9   10.96312    9.96255   -1.00058    .16
   36      8      9    8.86730    9.96255    1.09525    .16

 ZESTAW nr  16
 Blad sredni jednostkowy =  .0902 mm/stanowisko,     kod:/.0974/ 16/ 25/  34
 Lp.   od    do   n    DHo(m)   V(mm)    DHw(m)    mDHw(mm)
 1     1     2   4    -.43170    -.09    -.43179     .15
 2     1     5   5     .68111     .11     .68122     .16
 3     2     3   4    -.57248    -.04    -.57252     .15
 4     2     4   7    -.04973     .00    -.04973     .15
 5     2     5   7    1.11310    -.09    1.11301     .15
 6     3     4   6     .52276     .03     .52279     .15
 7     3     6   6    -.56892    -.10    -.56902     .17
 8     4     5   7    1.16281    -.07    1.16274     .17
 9     4     6   8   -1.09201     .20   -1.09181     .16
10     4     7   6     .94131    -.06     .94125     .17
11     6     7   6    2.03319    -.13    2.03306     .15
12     6     8   6    -.06149    -.16    -.06165     .17
13     6     9   8    1.03272     .46    1.03318     .16
14     7     9   6    -.99970    -.18    -.99988     .17
15     8     9   5    1.09497    -.14    1.09483     .17
                     Reper    H(m)   mH(mm)
                        1  10.50279   .160
                        2  10.07100   .119
                        3   9.49848   .117
                        4  10.02127   .100
                        5  11.18401   .147
                        6   8.92946   .108
                        7  10.96253   .131
                        8   8.86781   .169
                        9   9.96264   .150
           Macierz wariancyjno-kowariancyjna wyznaczanych wysokosci reperow
   .025723  .008621 -.000629 -.001110  .010939 -.008600 -.009218 -.013204 -.012521
   .008621  .014224  .003133  .000901  .006137 -.005847 -.006755 -.010520 -.009894
  -.000629  .003133  .013806  .001314 -.000812 -.001087 -.003690 -.006162 -.005872
  -.001110  .000901  .001314  .010029  .000896 -.001357 -.000456 -.005600 -.004616
   .010939  .006137 -.000812  .000896  .021463 -.007521 -.007778 -.012039 -.011285
  -.008600 -.005847 -.001087 -.001357 -.007521  .011749  .003099  .005236  .004328
  -.009218 -.006755 -.003690 -.000456 -.007778  .003099  .017210  .001994  .005594
  -.013204 -.010520 -.006162 -.005600 -.012039  .005236  .001994  .028525  .011772
  -.012521 -.009894 -.005872 -.004616 -.011285  .004328  .005594  .011772  .022494
   Lp    od     do    Hod(m)     Hdo(m)      DH(m)   mDH(mm)
    1      1      2   10.50279   10.07100    -.43179    .15
    2      1      3   10.50279    9.49848   -1.00431    .20
    3      1      4   10.50279   10.02127    -.48152    .19
    4      1      5   10.50279   11.18401     .68122    .16
    5      1      6   10.50279    8.92946   -1.57333    .23
    6      1      7   10.50279   10.96253     .45974    .25
    7      1      8   10.50279    8.86781   -1.63498    .28
    8      1      9   10.50279    9.96264    -.54015    .27
    9      2      3   10.07100    9.49848    -.57252    .15
   10      2      4   10.07100   10.02127    -.04973    .15
   11      2      5   10.07100   11.18401    1.11301    .15
   12      2      6   10.07100    8.92946   -1.14154    .19
   13      2      7   10.07100   10.96253     .89153    .21
   14      2      8   10.07100    8.86781   -1.20319    .25
   15      2      9   10.07100    9.96264    -.10836    .24
   16      3      4    9.49848   10.02127     .52279    .15
   17      3      5    9.49848   11.18401    1.68553    .19
   18      3      6    9.49848    8.92946    -.56902    .17
   19      3      7    9.49848   10.96253    1.46405    .20
   20      3      8    9.49848    8.86781    -.63067    .23
   21      3      9    9.49848    9.96264     .46417    .22
   22      4      5   10.02127   11.18401    1.16274    .17
   23      4      6   10.02127    8.92946   -1.09181    .16
   24      4      7   10.02127   10.96253     .94125    .17
   25      4      8   10.02127    8.86781   -1.15346    .22
   26      4      9   10.02127    9.96264    -.05863    .20
   27      5      6   11.18401    8.92946   -2.25455    .22
   28      5      7   11.18401   10.96253    -.22149    .23
   29      5      8   11.18401    8.86781   -2.31620    .27
   30      5      9   11.18401    9.96264   -1.22137    .26
   31      6      7    8.92946   10.96253    2.03306    .15
   32      6      8    8.92946    8.86781    -.06165    .17
   33      6      9    8.92946    9.96264    1.03318    .16
   34      7      8   10.96253    8.86781   -2.09472    .20
   35      7      9   10.96253    9.96264    -.99988    .17
   36      8      9    8.86781    9.96264    1.09483    .17

 ZESTAW nr  17
 Blad sredni jednostkowy =  .0785 mm/stanowisko,     kod:/.0813/ 17/ 26/  35
 Lp.   od    do   n    DHo(m)   V(mm)    DHw(m)    mDHw(mm)
 1     1     2   4    -.43128    -.18    -.43146     .13
 2     1     5   5     .68065     .22     .68087     .14
 3     2     3   4    -.57417     .01    -.57416     .13
 4     2     4   7    -.05028     .00    -.05028     .13
 5     2     5   7    1.11266    -.33    1.11233     .13
 6     3     4   6     .52393    -.05     .52388     .13
 7     3     6   6    -.56808     .07    -.56801     .14
 8     4     5   7    1.16258     .02    1.16260     .15
 9     4     6   8   -1.09184    -.05   -1.09189     .14
10     4     7   6     .94055    -.03     .94052     .15
11     6     7   6    2.03226     .15    2.03241     .13
12     6     8   6    -.06163    -.07    -.06170     .15
13     6     9   8    1.03349    -.06    1.03343     .14
14     7     9   6    -.99909     .12    -.99897     .15
15     8     9   5    1.09520    -.06    1.09514     .14
                     Reper    H(m)   mH(mm)
                        1  10.50314   .140
                        2  10.07169   .104
                        3   9.49753   .102
                        4  10.02141   .087
                        5  11.18401   .128
                        6   8.92952   .094
                        7  10.96193   .114
                        8   8.86782   .147
                        9   9.96295   .131
           Macierz wariancyjno-kowariancyjna wyznaczanych wysokosci reperow
   .019494  .006533 -.000477 -.000841  .008291 -.006518 -.006986 -.010007 -.009489
   .006533  .010780  .002374  .000683  .004651 -.004431 -.005119 -.007973 -.007498
  -.000477  .002374  .010463  .000996 -.000616 -.000823 -.002796 -.004670 -.004450
  -.000841  .000683  .000996  .007601  .000679 -.001029 -.000346 -.004244 -.003499
   .008291  .004651 -.000616  .000679  .016266 -.005700 -.005895 -.009124 -.008552
  -.006518 -.004431 -.000823 -.001029 -.005700  .008904  .002348  .003968  .003280
  -.006986 -.005119 -.002796 -.000346 -.005895  .002348  .013043  .001511  .004240
  -.010007 -.007973 -.004670 -.004244 -.009124  .003968  .001511  .021618  .008921
  -.009489 -.007498 -.004450 -.003499 -.008552  .003280  .004240  .008921  .017048
   Lp    od     do    Hod(m)     Hdo(m)      DH(m)   mDH(mm)
    1      1      2   10.50314   10.07169    -.43146    .13
    2      1      3   10.50314    9.49753   -1.00561    .18
    3      1      4   10.50314   10.02141    -.48173    .17
    4      1      5   10.50314   11.18401     .68087    .14
    5      1      6   10.50314    8.92952   -1.57362    .20
    6      1      7   10.50314   10.96193     .45878    .22
    7      1      8   10.50314    8.86782   -1.63533    .25
    8      1      9   10.50314    9.96295    -.54019    .24
    9      2      3   10.07169    9.49753    -.57416    .13
   10      2      4   10.07169   10.02141    -.05028    .13
   11      2      5   10.07169   11.18401    1.11233    .13
   12      2      6   10.07169    8.92952   -1.14217    .17
   13      2      7   10.07169   10.96193     .89024    .18
   14      2      8   10.07169    8.86782   -1.20387    .22
   15      2      9   10.07169    9.96295    -.10873    .21
   16      3      4    9.49753   10.02141     .52388    .13
   17      3      5    9.49753   11.18401    1.68648    .17
   18      3      6    9.49753    8.92952    -.56801    .14
   19      3      7    9.49753   10.96193    1.46440    .17
   20      3      8    9.49753    8.86782    -.62971    .20
   21      3      9    9.49753    9.96295     .46542    .19
   22      4      5   10.02141   11.18401    1.16260    .15
   23      4      6   10.02141    8.92952   -1.09189    .14
   24      4      7   10.02141   10.96193     .94052    .15
   25      4      8   10.02141    8.86782   -1.15359    .19
   26      4      9   10.02141    9.96295    -.05846    .18
   27      5      6   11.18401    8.92952   -2.25449    .19
   28      5      7   11.18401   10.96193    -.22209    .20
   29      5      8   11.18401    8.86782   -2.31620    .24
   30      5      9   11.18401    9.96295   -1.22106    .22
   31      6      7    8.92952   10.96193    2.03241    .13
   32      6      8    8.92952    8.86782    -.06170    .15
   33      6      9    8.92952    9.96295    1.03343    .14
   34      7      8   10.96193    8.86782   -2.09411    .18
   35      7      9   10.96193    9.96295    -.99897    .15
   36      8      9    8.86782    9.96295    1.09514    .14

 ZESTAW nr  18
 Blad sredni jednostkowy =  .0899 mm/stanowisko,     kod:/.0837/ 18/ 29/  40
 Lp.   od    do   n    DHo(m)   V(mm)    DHw(m)    mDHw(mm)
 1     1     2   4    -.43106    -.08    -.43114     .15
 2     1     5   5     .68175     .10     .68185     .16
 3     2     3   4    -.57285    -.08    -.57293     .15
 4     2     4   7    -.05069    -.01    -.05070     .15
 5     2     5   7    1.11297     .01    1.11298     .15
 6     3     4   6     .52224    -.01     .52223     .15
 7     3     6   6    -.56885    -.11    -.56896     .17
 8     4     5   7    1.16383    -.15    1.16368     .17
 9     4     6   8   -1.09153     .33   -1.09120     .16
10     4     7   6     .94100    -.13     .94087     .17
11     6     7   6    2.03217    -.11    2.03206     .15
12     6     8   6    -.06183    -.04    -.06187     .17
13     6     9   8    1.03263     .37    1.03300     .16
14     7     9   6    -.99882    -.24    -.99906     .17
15     8     9   5    1.09491    -.03    1.09488     .17
                     Reper    H(m)   mH(mm)
                        1  10.50268   .160
                        2  10.07154   .119
                        3   9.49861   .117
                        4  10.02085   .100
                        5  11.18453   .146
                        6   8.92965   .108
                        7  10.96171   .131
                        8   8.86778   .168
                        9   9.96265   .150
           Macierz wariancyjno-kowariancyjna wyznaczanych wysokosci reperow
   .025579  .008573 -.000626 -.001104  .010879 -.008552 -.009167 -.013131 -.012451
   .008573  .014145  .003116  .000896  .006103 -.005814 -.006717 -.010461 -.009839
  -.000626  .003116  .013729  .001307 -.000808 -.001080 -.003669 -.006128 -.005840
  -.001104  .000896  .001307  .009973  .000891 -.001350 -.000454 -.005569 -.004591
   .010879  .006103 -.000808  .000891  .021343 -.007479 -.007735 -.011973 -.011222
  -.008552 -.005814 -.001080 -.001350 -.007479  .011683  .003081  .005207  .004304
  -.009167 -.006717 -.003669 -.000454 -.007735  .003081  .017114  .001983  .005563
  -.013131 -.010461 -.006128 -.005569 -.011973  .005207  .001983  .028366  .011706
  -.012451 -.009839 -.005840 -.004591 -.011222  .004304  .005563  .011706  .022369
   Lp    od     do    Hod(m)     Hdo(m)      DH(m)   mDH(mm)
    1      1      2   10.50268   10.07154    -.43114    .15
    2      1      3   10.50268    9.49861   -1.00407    .20
    3      1      4   10.50268   10.02085    -.48183    .19
    4      1      5   10.50268   11.18453     .68185    .16
    5      1      6   10.50268    8.92965   -1.57303    .23
    6      1      7   10.50268   10.96171     .45903    .25
    7      1      8   10.50268    8.86778   -1.63490    .28
    8      1      9   10.50268    9.96265    -.54003    .27
    9      2      3   10.07154    9.49861    -.57293    .15
   10      2      4   10.07154   10.02085    -.05070    .15
   11      2      5   10.07154   11.18453    1.11298    .15
   12      2      6   10.07154    8.92965   -1.14190    .19
   13      2      7   10.07154   10.96171     .89017    .21
   14      2      8   10.07154    8.86778   -1.20377    .25
   15      2      9   10.07154    9.96265    -.10889    .24
   16      3      4    9.49861   10.02085     .52223    .15
   17      3      5    9.49861   11.18453    1.68591    .19
   18      3      6    9.49861    8.92965    -.56896    .17
   19      3      7    9.49861   10.96171    1.46310    .20
   20      3      8    9.49861    8.86778    -.63084    .23
   21      3      9    9.49861    9.96265     .46404    .22
   22      4      5   10.02085   11.18453    1.16368    .17
   23      4      6   10.02085    8.92965   -1.09120    .16
   24      4      7   10.02085   10.96171     .94087    .17
   25      4      8   10.02085    8.86778   -1.15307    .22
   26      4      9   10.02085    9.96265    -.05819    .20
   27      5      6   11.18453    8.92965   -2.25488    .22
   28      5      7   11.18453   10.96171    -.22282    .23
   29      5      8   11.18453    8.86778   -2.31675    .27
   30      5      9   11.18453    9.96265   -1.22187    .26
   31      6      7    8.92965   10.96171    2.03206    .15
   32      6      8    8.92965    8.86778    -.06187    .17
   33      6      9    8.92965    9.96265    1.03300    .16
   34      7      8   10.96171    8.86778   -2.09394    .20
   35      7      9   10.96171    9.96265    -.99906    .17
   36      8      9    8.86778    9.96265    1.09488    .17

 ZESTAW nr  19
 Blad sredni jednostkowy =  .0909 mm/stanowisko,     kod:/.0934/ 19/ 30/  41
 Lp.   od    do   n    DHo(m)   V(mm)    DHw(m)    mDHw(mm)
 1     1     2   4    -.43078    -.03    -.43081     .15
 2     1     5   5     .68151     .03     .68154     .16
 3     2     3   4    -.57370     .04    -.57366     .15
 4     2     4   7    -.05166     .20    -.05146     .15
 5     2     5   7    1.11267    -.32    1.11235     .15
 6     3     4   6     .52201     .19     .52220     .15
 7     3     6   6    -.56845    -.12    -.56857     .17
 8     4     5   7    1.16354     .27    1.16381     .17
 9     4     6   8   -1.09092     .15   -1.09077     .16
10     4     7   6     .94161     .01     .94162     .17
11     6     7   6    2.03241    -.03    2.03238     .15
12     6     8   6    -.06293    -.16    -.06309     .17
13     6     9   8    1.03267     .24    1.03291     .16
14     7     9   6    -.99945    -.02    -.99947     .17
15     8     9   5    1.09613    -.13    1.09600     .17
                     Reper    H(m)   mH(mm)
                        1  10.50288   .162
                        2  10.07207   .120
                        3   9.49842   .118
                        4  10.02061   .101
                        5  11.18443   .148
                        6   8.92985   .109
                        7  10.96223   .132
                        8   8.86676   .170
                        9   9.96276   .151
           Macierz wariancyjno-kowariancyjna wyznaczanych wysokosci reperow
   .026120  .008754 -.000639 -.001127  .011108 -.008733 -.009361 -.013408 -.012715
   .008754  .014444  .003181  .000915  .006232 -.005937 -.006859 -.010682 -.010047
  -.000639  .003181  .014019  .001334 -.000825 -.001103 -.003747 -.006258 -.005963
  -.001127  .000915  .001334  .010184  .000910 -.001378 -.000463 -.005687 -.004688
   .011108  .006232 -.000825  .000910  .021794 -.007637 -.007898 -.012225 -.011459
  -.008733 -.005937 -.001103 -.001378 -.007637  .011930  .003146  .005317  .004395
  -.009361 -.006859 -.003747 -.000463 -.007898  .003146  .017475  .002025  .005681
  -.013408 -.010682 -.006258 -.005687 -.012225  .005317  .002025  .028965  .011954
  -.012715 -.010047 -.005963 -.004688 -.011459  .004395  .005681  .011954  .022842
   Lp    od     do    Hod(m)     Hdo(m)      DH(m)   mDH(mm)
    1      1      2   10.50288   10.07207    -.43081    .15
    2      1      3   10.50288    9.49842   -1.00446    .20
    3      1      4   10.50288   10.02061    -.48227    .20
    4      1      5   10.50288   11.18443     .68154    .16
    5      1      6   10.50288    8.92985   -1.57304    .24
    6      1      7   10.50288   10.96223     .45935    .25
    7      1      8   10.50288    8.86676   -1.63612    .29
    8      1      9   10.50288    9.96276    -.54013    .27
    9      2      3   10.07207    9.49842    -.57366    .15
   10      2      4   10.07207   10.02061    -.05146    .15
   11      2      5   10.07207   11.18443    1.11235    .15
   12      2      6   10.07207    8.92985   -1.14223    .20
   13      2      7   10.07207   10.96223     .89015    .21
   14      2      8   10.07207    8.86676   -1.20532    .25
   15      2      9   10.07207    9.96276    -.10932    .24
   16      3      4    9.49842   10.02061     .52220    .15
   17      3      5    9.49842   11.18443    1.68601    .19
   18      3      6    9.49842    8.92985    -.56857    .17
   19      3      7    9.49842   10.96223    1.46381    .20
   20      3      8    9.49842    8.86676    -.63166    .24
   21      3      9    9.49842    9.96276     .46434    .22
   22      4      5   10.02061   11.18443    1.16381    .17
   23      4      6   10.02061    8.92985   -1.09077    .16
   24      4      7   10.02061   10.96223     .94162    .17
   25      4      8   10.02061    8.86676   -1.15385    .22
   26      4      9   10.02061    9.96276    -.05786    .21
   27      5      6   11.18443    8.92985   -2.25458    .22
   28      5      7   11.18443   10.96223    -.22220    .23
   29      5      8   11.18443    8.86676   -2.31767    .27
   30      5      9   11.18443    9.96276   -1.22167    .26
   31      6      7    8.92985   10.96223    2.03238    .15
   32      6      8    8.92985    8.86676    -.06309    .17
   33      6      9    8.92985    9.96276    1.03291    .16
   34      7      8   10.96223    8.86676   -2.09547    .21
   35      7      9   10.96223    9.96276    -.99947    .17
   36      8      9    8.86676    9.96276    1.09600    .17

 ZESTAW nr  20
 Blad sredni jednostkowy =  .1073 mm/stanowisko,     kod:/.1047/ 20/ 32/  43
 Lp.   od    do   n    DHo(m)   V(mm)    DHw(m)    mDHw(mm)
 1     1     2   4    -.43014     .04    -.43010     .18
 2     1     5   5     .68211    -.05     .68206     .19
 3     2     3   4    -.57498    -.23    -.57521     .18
 4     2     4   7    -.05301     .24    -.05277     .18
 5     2     5   7    1.11194     .23    1.11217     .18
 6     3     4   6     .52263    -.19     .52244     .17
 7     3     6   6    -.56810    -.16    -.56826     .20
 8     4     5   7    1.16510    -.16    1.16494     .21
 9     4     6   8   -1.09071     .01   -1.09070     .19
10     4     7   6     .94262     .15     .94277     .20
11     6     7   6    2.03337     .10    2.03347     .18
12     6     8   6    -.06115     .06    -.06109     .21
13     6     9   8    1.03323    -.41    1.03282     .19
14     7     9   6   -1.00089     .25   -1.00064     .20
15     8     9   5    1.09387     .05    1.09392     .20
                     Reper    H(m)   mH(mm)
                        1  10.50281   .191
                        2  10.07271   .142
                        3   9.49750   .140
                        4  10.01994   .119
                        5  11.18488   .174
                        6   8.92924   .129
                        7  10.96271   .156
                        8   8.86815   .201
                        9   9.96207   .178
           Macierz wariancyjno-kowariancyjna wyznaczanych wysokosci reperow
   .036401  .012200 -.000891 -.001571  .015481 -.012170 -.013045 -.018686 -.017719
   .012200  .020129  .004434  .001275  .008685 -.008274 -.009559 -.014887 -.014001
  -.000891  .004434  .019537  .001860 -.001150 -.001538 -.005221 -.008721 -.008310
  -.001571  .001275  .001860  .014192  .001269 -.001921 -.000646 -.007925 -.006533
   .015481  .008685 -.001150  .001269  .030372 -.010643 -.011007 -.017037 -.015969
  -.012170 -.008274 -.001538 -.001921 -.010643  .016626  .004385  .007409  .006125
  -.013045 -.009559 -.005221 -.000646 -.011007  .004385  .024354  .002822  .007916
  -.018686 -.014887 -.008721 -.007925 -.017037  .007409  .002822  .040366  .016658
  -.017719 -.014001 -.008310 -.006533 -.015969  .006125  .007916  .016658  .031833
   Lp    od     do    Hod(m)     Hdo(m)      DH(m)   mDH(mm)
    1      1      2   10.50281   10.07271    -.43010    .18
    2      1      3   10.50281    9.49750   -1.00531    .24
    3      1      4   10.50281   10.01994    -.48287    .23
    4      1      5   10.50281   11.18488     .68206    .19
    5      1      6   10.50281    8.92924   -1.57357    .28
    6      1      7   10.50281   10.96271     .45990    .29
    7      1      8   10.50281    8.86815   -1.63466    .34
    8      1      9   10.50281    9.96207    -.54075    .32
    9      2      3   10.07271    9.49750    -.57521    .18
   10      2      4   10.07271   10.01994    -.05277    .18
   11      2      5   10.07271   11.18488    1.11217    .18
   12      2      6   10.07271    8.92924   -1.14347    .23
   13      2      7   10.07271   10.96271     .89000    .25
   14      2      8   10.07271    8.86815   -1.20456    .30
   15      2      9   10.07271    9.96207    -.11064    .28
   16      3      4    9.49750   10.01994     .52244    .17
   17      3      5    9.49750   11.18488    1.68738    .23
   18      3      6    9.49750    8.92924    -.56826    .20
   19      3      7    9.49750   10.96271    1.46521    .23
   20      3      8    9.49750    8.86815    -.62935    .28
   21      3      9    9.49750    9.96207     .46457    .26
   22      4      5   10.01994   11.18488    1.16494    .21
   23      4      6   10.01994    8.92924   -1.09070    .19
   24      4      7   10.01994   10.96271     .94277    .20
   25      4      8   10.01994    8.86815   -1.15179    .27
   26      4      9   10.01994    9.96207    -.05787    .24
   27      5      6   11.18488    8.92924   -2.25564    .26
   28      5      7   11.18488   10.96271    -.22217    .28
   29      5      8   11.18488    8.86815   -2.31673    .32
   30      5      9   11.18488    9.96207   -1.22281    .31
   31      6      7    8.92924   10.96271    2.03347    .18
   32      6      8    8.92924    8.86815    -.06109    .21
   33      6      9    8.92924    9.96207    1.03282    .19
   34      7      8   10.96271    8.86815   -2.09456    .24
   35      7      9   10.96271    9.96207   -1.00064    .20
   36      8      9    8.86815    9.96207    1.09392    .20

 ZESTAW nr  21
 Blad sredni jednostkowy =  .0801 mm/stanowisko,     kod:/.0853/ 21/ 34/  46
 Lp.   od    do   n    DHo(m)   V(mm)    DHw(m)    mDHw(mm)
 1     1     2   4    -.43130     .03    -.43127     .13
 2     1     5   5     .68160    -.04     .68156     .14
 3     2     3   4    -.57284     .14    -.57270     .13
 4     2     4   7    -.04983    -.23    -.05006     .13
 5     2     5   7    1.11279     .04    1.11283     .14
 6     3     4   6     .52259     .04     .52263     .13
 7     3     6   6    -.56990     .17    -.56973     .15
 8     4     5   7    1.16287     .02    1.16289     .15
 9     4     6   8   -1.09228    -.08   -1.09236     .14
10     4     7   6     .94059    -.11     .94048     .15
11     6     7   6    2.03287    -.03    2.03284     .13
12     6     8   6    -.06132     .24    -.06108     .15
13     6     9   8    1.03370    -.14    1.03356     .14
14     7     9   6    -.99915    -.13    -.99928     .15
15     8     9   5    1.09444     .20    1.09464     .15
                     Reper    H(m)   mH(mm)
                        1  10.50272   .142
                        2  10.07145   .106
                        3   9.49875   .104
                        4  10.02139   .089
                        5  11.18428   .130
                        6   8.92902   .096
                        7  10.96187   .116
                        8   8.86794   .150
                        9   9.96258   .133
           Macierz wariancyjno-kowariancyjna wyznaczanych wysokosci reperow
   .020281  .006797 -.000496 -.000875  .008625 -.006781 -.007268 -.010411 -.009872
   .006797  .011215  .002470  .000710  .004839 -.004610 -.005326 -.008295 -.007801
  -.000496  .002470  .010885  .001036 -.000641 -.000857 -.002909 -.004859 -.004630
  -.000875  .000710  .001036  .007908  .000707 -.001070 -.000360 -.004416 -.003640
   .008625  .004839 -.000641  .000707  .016923 -.005930 -.006133 -.009493 -.008898
  -.006781 -.004610 -.000857 -.001070 -.005930  .009263  .002443  .004128  .003413
  -.007268 -.005326 -.002909 -.000360 -.006133  .002443  .013569  .001572  .004411
  -.010411 -.008295 -.004859 -.004416 -.009493  .004128  .001572  .022491  .009282
  -.009872 -.007801 -.004630 -.003640 -.008898  .003413  .004411  .009282  .017736
   Lp    od     do    Hod(m)     Hdo(m)      DH(m)   mDH(mm)
    1      1      2   10.50272   10.07145    -.43127    .13
    2      1      3   10.50272    9.49875   -1.00396    .18
    3      1      4   10.50272   10.02139    -.48133    .17
    4      1      5   10.50272   11.18428     .68156    .14
    5      1      6   10.50272    8.92902   -1.57369    .21
    6      1      7   10.50272   10.96187     .45915    .22
    7      1      8   10.50272    8.86794   -1.63477    .25
    8      1      9   10.50272    9.96258    -.54013    .24
    9      2      3   10.07145    9.49875    -.57270    .13
   10      2      4   10.07145   10.02139    -.05006    .13
   11      2      5   10.07145   11.18428    1.11283    .14
   12      2      6   10.07145    8.92902   -1.14243    .17
   13      2      7   10.07145   10.96187     .89042    .19
   14      2      8   10.07145    8.86794   -1.20351    .22
   15      2      9   10.07145    9.96258    -.10887    .21
   16      3      4    9.49875   10.02139     .52263    .13
   17      3      5    9.49875   11.18428    1.68552    .17
   18      3      6    9.49875    8.92902    -.56973    .15
   19      3      7    9.49875   10.96187    1.46312    .17
   20      3      8    9.49875    8.86794    -.63081    .21
   21      3      9    9.49875    9.96258     .46383    .19
   22      4      5   10.02139   11.18428    1.16289    .15
   23      4      6   10.02139    8.92902   -1.09236    .14
   24      4      7   10.02139   10.96187     .94048    .15
   25      4      8   10.02139    8.86794   -1.15344    .20
   26      4      9   10.02139    9.96258    -.05880    .18
   27      5      6   11.18428    8.92902   -2.25525    .20
   28      5      7   11.18428   10.96187    -.22241    .21
   29      5      8   11.18428    8.86794   -2.31633    .24
   30      5      9   11.18428    9.96258   -1.22169    .23
   31      6      7    8.92902   10.96187    2.03284    .13
   32      6      8    8.92902    8.86794    -.06108    .15
   33      6      9    8.92902    9.96258    1.03356    .14
   34      7      8   10.96187    8.86794   -2.09392    .18
   35      7      9   10.96187    9.96258    -.99928    .15
   36      8      9    8.86794    9.96258    1.09464    .15

 ZESTAW nr  22
 Blad sredni jednostkowy =  .0921 mm/stanowisko,     kod:/.0948/ 22/ 35/  47
 Lp.   od    do   n    DHo(m)   V(mm)    DHw(m)    mDHw(mm)
 1     1     2   4    -.42952    -.08    -.42960     .15
 2     1     5   5     .68225     .10     .68235     .16
 3     2     3   4    -.57391    -.26    -.57417     .15
 4     2     4   7    -.05149     .22    -.05127     .15
 5     2     5   7    1.11188     .08    1.11196     .16
 6     3     4   6     .52321    -.31     .52290     .15
 7     3     6   6    -.56886    -.07    -.56893     .17
 8     4     5   7    1.16345    -.22    1.16323     .18
 9     4     6   8   -1.09175    -.08   -1.09183     .16
10     4     7   6     .93978     .13     .93991     .17
11     6     7   6    2.03179    -.05    2.03174     .15
12     6     8   6    -.06159    -.07    -.06166     .18
13     6     9   8    1.03338    -.02    1.03336     .16
14     7     9   6    -.99847     .09    -.99838     .17
15     8     9   5    1.09508    -.06    1.09502     .17
                     Reper    H(m)   mH(mm)
                        1  10.50214   .164
                        2  10.07254   .122
                        3   9.49837   .120
                        4  10.02127   .102
                        5  11.18449   .150
                        6   8.92944   .111
                        7  10.96118   .134
                        8   8.86778   .173
                        9   9.96280   .153
           Macierz wariancyjno-kowariancyjna wyznaczanych wysokosci reperow
   .026846  .008997 -.000657 -.001159  .011417 -.008976 -.009621 -.013781 -.013068
   .008997  .014845  .003270  .000940  .006405 -.006102 -.007050 -.010980 -.010326
  -.000657  .003270  .014409  .001371 -.000848 -.001134 -.003851 -.006432 -.006129
  -.001159  .000940  .001371  .010467  .000936 -.001416 -.000476 -.005845 -.004818
   .011417  .006405 -.000848  .000936  .022400 -.007850 -.008118 -.012565 -.011778
  -.008976 -.006102 -.001134 -.001416 -.007850  .012262  .003234  .005465  .004518
  -.009621 -.007050 -.003851 -.000476 -.008118  .003234  .017961  .002081  .005839
  -.013781 -.010980 -.006432 -.005845 -.012565  .005465  .002081  .029771  .012286
  -.013068 -.010326 -.006129 -.004818 -.011778  .004518  .005839  .012286  .023477
   Lp    od     do    Hod(m)     Hdo(m)      DH(m)   mDH(mm)
    1      1      2   10.50214   10.07254    -.42960    .15
    2      1      3   10.50214    9.49837   -1.00377    .21
    3      1      4   10.50214   10.02127    -.48087    .20
    4      1      5   10.50214   11.18449     .68235    .16
    5      1      6   10.50214    8.92944   -1.57270    .24
    6      1      7   10.50214   10.96118     .45904    .25
    7      1      8   10.50214    8.86778   -1.63436    .29
    8      1      9   10.50214    9.96280    -.53934    .28
    9      2      3   10.07254    9.49837    -.57417    .15
   10      2      4   10.07254   10.02127    -.05127    .15
   11      2      5   10.07254   11.18449    1.11196    .16
   12      2      6   10.07254    8.92944   -1.14310    .20
   13      2      7   10.07254   10.96118     .88865    .22
   14      2      8   10.07254    8.86778   -1.20476    .26
   15      2      9   10.07254    9.96280    -.10974    .24
   16      3      4    9.49837   10.02127     .52290    .15
   17      3      5    9.49837   11.18449    1.68612    .20
   18      3      6    9.49837    8.92944    -.56893    .17
   19      3      7    9.49837   10.96118    1.46281    .20
   20      3      8    9.49837    8.86778    -.63059    .24
   21      3      9    9.49837    9.96280     .46443    .22
   22      4      5   10.02127   11.18449    1.16323    .18
   23      4      6   10.02127    8.92944   -1.09183    .16
   24      4      7   10.02127   10.96118     .93991    .17
   25      4      8   10.02127    8.86778   -1.15349    .23
   26      4      9   10.02127    9.96280    -.05847    .21
   27      5      6   11.18449    8.92944   -2.25506    .22
   28      5      7   11.18449   10.96118    -.22331    .24
   29      5      8   11.18449    8.86778   -2.31672    .28
   30      5      9   11.18449    9.96280   -1.22170    .26
   31      6      7    8.92944   10.96118    2.03174    .15
   32      6      8    8.92944    8.86778    -.06166    .18
   33      6      9    8.92944    9.96280    1.03336    .16
   34      7      8   10.96118    8.86778   -2.09340    .21
   35      7      9   10.96118    9.96280    -.99838    .17
   36      8      9    8.86778    9.96280    1.09502    .17
